0 0 0 0 0 8.35158 100 15.7426
1e-12 3.60513e-05 2.63077e-05 9.74359e-06
2e-12 3.60513e-05 2.63077e-05 9.74359e-06
3e-12 3.60513e-05 2.63077e-05 9.74359e-06
4e-12 3.60513e-05 2.63077e-05 9.74359e-06
5e-12 3.60513e-05 2.63077e-05 9.74359e-06
6e-12 3.60513e-05 2.63077e-05 9.74359e-06
7e-12 3.60513e-05 2.63077e-05 9.74359e-06
8e-12 3.60513e-05 2.63077e-05 9.74359e-06
9e-12 3.60513e-05 2.63077e-05 9.74359e-06
1e-11 3.60513e-05 2.63077e-05 9.74359e-06
1.1e-11 3.60513e-05 2.63077e-05 9.74359e-06
1.2e-11 3.60513e-05 2.63077e-05 9.74359e-06
1.3e-11 3.60513e-05 2.63077e-05 9.74359e-06
1.4e-11 3.60513e-05 2.63077e-05 9.74359e-06
1.5e-11 3.60513e-05 2.63077e-05 9.74359e-06
1.6e-11 3.60513e-05 2.63077e-05 9.74359e-06
1.7e-11 3.60513e-05 2.63077e-05 9.74359e-06
1.8e-11 3.60513e-05 2.63077e-05 9.74359e-06
1.9e-11 3.60513e-05 2.63077e-05 9.74359e-06
2e-11 3.60513e-05 2.63077e-05 9.74359e-06
2.1e-11 3.60513e-05 2.63077e-05 9.74359e-06
2.2e-11 3.60513e-05 2.63077e-05 9.74359e-06
2.3e-11 3.60513e-05 2.63077e-05 9.74359e-06
2.4e-11 3.60513e-05 2.63077e-05 9.74359e-06
2.5e-11 3.60513e-05 2.63077e-05 9.74359e-06
2.6e-11 3.60513e-05 2.63077e-05 9.74359e-06
2.7e-11 3.60513e-05 2.63077e-05 9.74359e-06
2.8e-11 3.60513e-05 2.63077e-05 9.74359e-06
2.9e-11 3.60513e-05 2.63077e-05 9.74359e-06
3e-11 3.60513e-05 2.63077e-05 9.74359e-06
3.1e-11 3.60513e-05 2.63077e-05 9.74359e-06
3.2e-11 3.60513e-05 2.63077e-05 9.74359e-06
3.3e-11 3.47359e-05 2.49923e-05 9.74359e-06
3.4e-11 3.34205e-05 2.36769e-05 9.74359e-06
3.5e-11 3.34205e-05 2.36769e-05 9.74359e-06
3.6e-11 3.21051e-05 2.23615e-05 9.74359e-06
3.7e-11 3.07897e-05 2.10462e-05 9.74359e-06
3.8e-11 2.94744e-05 1.97308e-05 9.74359e-06
3.9e-11 2.94744e-05 1.97308e-05 9.74359e-06
4e-11 2.8159e-05 1.84154e-05 9.74359e-06
4.1e-11 2.68436e-05 1.71e-05 9.74359e-06
4.2e-11 2.55282e-05 1.57846e-05 9.74359e-06
4.3e-11 2.55282e-05 1.57846e-05 9.74359e-06
4.4e-11 2.42128e-05 1.44692e-05 9.74359e-06
4.5e-11 2.28974e-05 1.31538e-05 9.74359e-06
4.6e-11 2.15821e-05 1.18385e-05 9.74359e-06
4.7e-11 2.15821e-05 1.18385e-05 9.74359e-06
4.8e-11 2.02667e-05 1.05231e-05 9.74359e-06
4.9e-11 1.89513e-05 9.20769e-06 9.74359e-06
5e-11 1.89513e-05 9.20769e-06 9.74359e-06
5.1e-11 1.76359e-05 7.89231e-06 9.74359e-06
5.2e-11 1.63205e-05 6.57692e-06 9.74359e-06
5.3e-11 1.50051e-05 5.26154e-06 9.74359e-06
5.4e-11 1.50051e-05 5.26154e-06 9.74359e-06
5.5e-11 1.36897e-05 3.94615e-06 9.74359e-06
5.6e-11 1.23744e-05 2.63077e-06 9.74359e-06
5.7e-11 1.1059e-05 1.31538e-06 9.74359e-06
5.8e-11 1.1059e-05 1.31538e-06 9.74359e-06
5.9e-11 9.74359e-06 0 9.74359e-06
6e-11 9.74359e-06 0 9.74359e-06
6.1e-11 9.74359e-06 0 9.74359e-06
6.2e-11 9.74359e-06 0 9.74359e-06
6.3e-11 9.74359e-06 0 9.74359e-06
6.4e-11 9.74359e-06 0 9.74359e-06
6.5e-11 9.74359e-06 0 9.74359e-06
6.6e-11 9.74359e-06 0 9.74359e-06
6.7e-11 9.74359e-06 0 9.74359e-06
6.8e-11 9.74359e-06 0 9.74359e-06
6.9e-11 9.74359e-06 0 9.74359e-06
7e-11 9.74359e-06 0 9.74359e-06
7.1e-11 9.74359e-06 0 9.74359e-06
7.2e-11 9.74359e-06 0 9.74359e-06
7.3e-11 9.74359e-06 0 9.74359e-06
7.4e-11 9.74359e-06 0 9.74359e-06
7.5e-11 9.74359e-06 0 9.74359e-06
7.6e-11 9.74359e-06 0 9.74359e-06
7.7e-11 9.74359e-06 0 9.74359e-06
7.8e-11 9.74359e-06 0 9.74359e-06
7.9e-11 9.74359e-06 0 9.74359e-06
8e-11 9.74359e-06 0 9.74359e-06
8.1e-11 9.74359e-06 0 9.74359e-06
8.2e-11 9.74359e-06 0 9.74359e-06
8.3e-11 9.74359e-06 0 9.74359e-06
8.4e-11 9.74359e-06 0 9.74359e-06
8.5e-11 9.74359e-06 0 9.74359e-06
8.6e-11 9.74359e-06 0 9.74359e-06
8.7e-11 9.74359e-06 0 9.74359e-06
8.8e-11 9.74359e-06 0 9.74359e-06
8.9e-11 9.74359e-06 0 9.74359e-06
9e-11 9.74359e-06 0 9.74359e-06
9.1e-11 9.74359e-06 0 9.74359e-06
9.2e-11 9.74359e-06 0 9.74359e-06
9.3e-11 9.74359e-06 0 9.74359e-06
9.4e-11 9.74359e-06 0 9.74359e-06
9.5e-11 9.74359e-06 0 9.74359e-06
9.6e-11 9.74359e-06 0 9.74359e-06
9.7e-11 9.74359e-06 0 9.74359e-06
9.8e-11 9.74359e-06 0 9.74359e-06
9.9e-11 9.74359e-06 0 9.74359e-06
1e-10 9.74359e-06 0 9.74359e-06
1.01e-10 9.74359e-06 0 9.74359e-06
1.02e-10 9.74359e-06 0 9.74359e-06
1.03e-10 9.74359e-06 0 9.74359e-06
1.04e-10 9.74359e-06 0 9.74359e-06
1.05e-10 9.74359e-06 0 9.74359e-06
1.06e-10 9.74359e-06 0 9.74359e-06
1.07e-10 9.74359e-06 0 9.74359e-06
1.08e-10 9.74359e-06 0 9.74359e-06
1.09e-10 9.74359e-06 0 9.74359e-06
1.1e-10 9.74359e-06 0 9.74359e-06
1.11e-10 9.74359e-06 0 9.74359e-06
1.12e-10 9.74359e-06 0 9.74359e-06
1.13e-10 9.74359e-06 0 9.74359e-06
1.14e-10 9.74359e-06 0 9.74359e-06
1.15e-10 9.74359e-06 0 9.74359e-06
1.16e-10 9.74359e-06 0 9.74359e-06
1.17e-10 9.74359e-06 0 9.74359e-06
1.18e-10 9.74359e-06 0 9.74359e-06
1.19e-10 9.74359e-06 0 9.74359e-06
1.2e-10 9.74359e-06 0 9.74359e-06
1.21e-10 9.74359e-06 0 9.74359e-06
1.22e-10 9.74359e-06 0 9.74359e-06
1.23e-10 9.74359e-06 0 9.74359e-06
1.24e-10 9.74359e-06 0 9.74359e-06
1.25e-10 9.74359e-06 0 9.74359e-06
1.26e-10 9.74359e-06 0 9.74359e-06
1.27e-10 9.74359e-06 0 9.74359e-06
1.28e-10 9.74359e-06 0 9.74359e-06
1.29e-10 9.74359e-06 0 9.74359e-06
1.3e-10 9.74359e-06 0 9.74359e-06
1.31e-10 9.74359e-06 0 9.74359e-06
1.32e-10 9.74359e-06 0 9.74359e-06
1.33e-10 9.74359e-06 0 9.74359e-06
1.34e-10 9.74359e-06 0 9.74359e-06
1.35e-10 9.74359e-06 0 9.74359e-06
1.36e-10 9.74359e-06 0 9.74359e-06
1.37e-10 9.74359e-06 0 9.74359e-06
1.38e-10 9.74359e-06 0 9.74359e-06
1.39e-10 9.74359e-06 0 9.74359e-06
1.4e-10 9.74359e-06 0 9.74359e-06
1.41e-10 9.74359e-06 0 9.74359e-06
1.42e-10 9.74359e-06 0 9.74359e-06
1.43e-10 9.74359e-06 0 9.74359e-06
1.44e-10 9.74359e-06 0 9.74359e-06
1.45e-10 9.74359e-06 0 9.74359e-06
1.46e-10 9.74359e-06 0 9.74359e-06
1.47e-10 9.74359e-06 0 9.74359e-06
1.48e-10 9.74359e-06 0 9.74359e-06
1.49e-10 9.74359e-06 0 9.74359e-06
1.5e-10 9.74359e-06 0 9.74359e-06
1.51e-10 9.74359e-06 0 9.74359e-06
1.52e-10 9.74359e-06 0 9.74359e-06
1.53e-10 9.74359e-06 0 9.74359e-06
1.54e-10 9.74359e-06 0 9.74359e-06
1.55e-10 9.74359e-06 0 9.74359e-06
1.56e-10 9.74359e-06 0 9.74359e-06
1.57e-10 9.74359e-06 0 9.74359e-06
1.58e-10 9.74359e-06 0 9.74359e-06
1.59e-10 9.74359e-06 0 9.74359e-06
1.6e-10 9.74359e-06 0 9.74359e-06
1.61e-10 9.74359e-06 0 9.74359e-06
1.62e-10 9.74359e-06 0 9.74359e-06
1.63e-10 9.74359e-06 0 9.74359e-06
1.64e-10 9.74359e-06 0 9.74359e-06
1.65e-10 9.74359e-06 0 9.74359e-06
1.66e-10 9.74359e-06 0 9.74359e-06
1.67e-10 9.74359e-06 0 9.74359e-06
1.68e-10 9.74359e-06 0 9.74359e-06
1.69e-10 9.74359e-06 0 9.74359e-06
1.7e-10 9.74359e-06 0 9.74359e-06
1.71e-10 9.74359e-06 0 9.74359e-06
1.72e-10 9.74359e-06 0 9.74359e-06
1.73e-10 9.74359e-06 0 9.74359e-06
1.74e-10 9.74359e-06 0 9.74359e-06
1.75e-10 9.74359e-06 0 9.74359e-06
1.76e-10 9.74359e-06 0 9.74359e-06
1.77e-10 9.74359e-06 0 9.74359e-06
1.78e-10 9.74359e-06 0 9.74359e-06
1.79e-10 9.74359e-06 0 9.74359e-06
1.8e-10 9.74359e-06 0 9.74359e-06
1.81e-10 9.74359e-06 0 9.74359e-06
1.82e-10 9.74359e-06 0 9.74359e-06
1.83e-10 9.74359e-06 0 9.74359e-06
1.84e-10 9.74359e-06 0 9.74359e-06
1.85e-10 9.74359e-06 0 9.74359e-06
1.86e-10 9.74359e-06 0 9.74359e-06
1.87e-10 9.74359e-06 0 9.74359e-06
1.88e-10 9.74359e-06 0 9.74359e-06
1.89e-10 9.74359e-06 0 9.74359e-06
1.9e-10 9.74359e-06 0 9.74359e-06
1.91e-10 9.74359e-06 0 9.74359e-06
1.92e-10 9.74359e-06 0 9.74359e-06
1.93e-10 9.74359e-06 0 9.74359e-06
1.94e-10 9.74359e-06 0 9.74359e-06
1.95e-10 9.74359e-06 0 9.74359e-06
1.96e-10 9.74359e-06 0 9.74359e-06
1.97e-10 9.74359e-06 0 9.74359e-06
1.98e-10 9.74359e-06 0 9.74359e-06
1.99e-10 9.74359e-06 0 9.74359e-06
2e-10 9.74359e-06 0 9.74359e-06
2.01e-10 9.74359e-06 0 9.74359e-06
2.02e-10 9.74359e-06 0 9.74359e-06
2.03e-10 9.74359e-06 0 9.74359e-06
2.04e-10 9.74359e-06 0 9.74359e-06
2.05e-10 9.74359e-06 0 9.74359e-06
2.06e-10 9.74359e-06 0 9.74359e-06
2.07e-10 9.74359e-06 0 9.74359e-06
2.08e-10 9.74359e-06 0 9.74359e-06
2.09e-10 9.74359e-06 0 9.74359e-06
2.1e-10 9.74359e-06 0 9.74359e-06
2.11e-10 9.74359e-06 0 9.74359e-06
2.12e-10 9.74359e-06 0 9.74359e-06
2.13e-10 9.74359e-06 0 9.74359e-06
2.14e-10 9.74359e-06 0 9.74359e-06
2.15e-10 9.74359e-06 0 9.74359e-06
2.16e-10 9.74359e-06 0 9.74359e-06
2.17e-10 9.74359e-06 0 9.74359e-06
2.18e-10 9.74359e-06 0 9.74359e-06
2.19e-10 9.74359e-06 0 9.74359e-06
2.2e-10 9.74359e-06 0 9.74359e-06
2.21e-10 9.74359e-06 0 9.74359e-06
2.22e-10 9.74359e-06 0 9.74359e-06
2.23e-10 9.74359e-06 0 9.74359e-06
2.24e-10 9.74359e-06 0 9.74359e-06
2.25e-10 9.74359e-06 0 9.74359e-06
2.26e-10 9.74359e-06 0 9.74359e-06
2.27e-10 9.74359e-06 0 9.74359e-06
2.28e-10 9.74359e-06 0 9.74359e-06
2.29e-10 9.74359e-06 0 9.74359e-06
2.3e-10 9.74359e-06 0 9.74359e-06
2.31e-10 9.74359e-06 0 9.74359e-06
2.32e-10 9.74359e-06 0 9.74359e-06
2.33e-10 9.25641e-06 0 9.25641e-06
2.34e-10 9.25641e-06 0 9.25641e-06
2.35e-10 9.25641e-06 0 9.25641e-06
2.36e-10 9.25641e-06 0 9.25641e-06
2.37e-10 8.76923e-06 0 8.76923e-06
2.38e-10 8.76923e-06 0 8.76923e-06
2.39e-10 8.76923e-06 0 8.76923e-06
2.4e-10 8.28205e-06 0 8.28205e-06
2.41e-10 8.28205e-06 0 8.28205e-06
2.42e-10 8.28205e-06 0 8.28205e-06
2.43e-10 8.28205e-06 0 8.28205e-06
2.44e-10 7.79487e-06 0 7.79487e-06
2.45e-10 7.79487e-06 0 7.79487e-06
2.46e-10 7.79487e-06 0 7.79487e-06
2.47e-10 7.79487e-06 0 7.79487e-06
2.48e-10 7.30769e-06 0 7.30769e-06
2.49e-10 7.30769e-06 0 7.30769e-06
2.5e-10 7.30769e-06 0 7.30769e-06
2.51e-10 7.30769e-06 0 7.30769e-06
2.52e-10 6.82051e-06 0 6.82051e-06
2.53e-10 6.82051e-06 0 6.82051e-06
2.54e-10 6.82051e-06 0 6.82051e-06
2.55e-10 6.33333e-06 0 6.33333e-06
2.56e-10 6.33333e-06 0 6.33333e-06
2.57e-10 6.33333e-06 0 6.33333e-06
2.58e-10 6.33333e-06 0 6.33333e-06
2.59e-10 5.84615e-06 0 5.84615e-06
2.6e-10 5.84615e-06 0 5.84615e-06
2.61e-10 5.84615e-06 0 5.84615e-06
2.62e-10 5.84615e-06 0 5.84615e-06
2.63e-10 5.35897e-06 0 5.35897e-06
2.64e-10 5.35897e-06 0 5.35897e-06
2.65e-10 5.35897e-06 0 5.35897e-06
2.66e-10 4.8718e-06 0 4.8718e-06
2.67e-10 4.8718e-06 0 4.8718e-06
2.68e-10 4.8718e-06 0 4.8718e-06
2.69e-10 4.8718e-06 0 4.8718e-06
2.7e-10 4.38462e-06 0 4.38462e-06
2.71e-10 4.38462e-06 0 4.38462e-06
2.72e-10 4.38462e-06 0 4.38462e-06
2.73e-10 4.38462e-06 0 4.38462e-06
2.74e-10 3.89744e-06 0 3.89744e-06
2.75e-10 3.89744e-06 0 3.89744e-06
2.76e-10 3.89744e-06 0 3.89744e-06
2.77e-10 3.41026e-06 0 3.41026e-06
2.78e-10 3.41026e-06 0 3.41026e-06
2.79e-10 3.41026e-06 0 3.41026e-06
2.8e-10 3.41026e-06 0 3.41026e-06
2.81e-10 2.92308e-06 0 2.92308e-06
2.82e-10 2.92308e-06 0 2.92308e-06
2.83e-10 2.92308e-06 0 2.92308e-06
2.84e-10 2.92308e-06 0 2.92308e-06
2.85e-10 2.4359e-06 0 2.4359e-06
2.86e-10 2.4359e-06 0 2.4359e-06
2.87e-10 2.4359e-06 0 2.4359e-06
2.88e-10 2.4359e-06 0 2.4359e-06
2.89e-10 1.94872e-06 0 1.94872e-06
2.9e-10 1.94872e-06 0 1.94872e-06
2.91e-10 1.94872e-06 0 1.94872e-06
2.92e-10 1.46154e-06 0 1.46154e-06
2.93e-10 1.46154e-06 0 1.46154e-06
2.94e-10 1.46154e-06 0 1.46154e-06
2.95e-10 1.46154e-06 0 1.46154e-06
2.96e-10 9.74359e-07 0 9.74359e-07
2.97e-10 9.74359e-07 0 9.74359e-07
2.98e-10 9.74359e-07 0 9.74359e-07
2.99e-10 9.74359e-07 0 9.74359e-07
3e-10 4.8718e-07 0 4.8718e-07
3.01e-10 4.8718e-07 0 4.8718e-07
3.02e-10 4.8718e-07 0 4.8718e-07
3.03e-10 0 0 0
3.04e-10 0 0 0
3.05e-10 0 0 0
3.06e-10 0 0 0
3.07e-10 0 0 0
3.08e-10 0 0 0
3.09e-10 0 0 0
3.1e-10 0 0 0
3.11e-10 0 0 0
3.12e-10 0 0 0
3.13e-10 0 0 0
3.14e-10 0 0 0
3.15e-10 0 0 0
3.16e-10 0 0 0
3.17e-10 0 0 0
3.18e-10 0 0 0
3.19e-10 0 0 0
3.2e-10 0 0 0
3.21e-10 0 0 0
3.22e-10 0 0 0
3.23e-10 0 0 0
3.24e-10 0 0 0
3.25e-10 0 0 0
3.26e-10 0 0 0
3.27e-10 0 0 0
3.28e-10 0 0 0
3.29e-10 0 0 0
3.3e-10 0 0 0
3.31e-10 0 0 0
3.32e-10 0 0 0
3.33e-10 0 0 0
3.34e-10 0 0 0
3.35e-10 0 0 0
3.36e-10 0 0 0
3.37e-10 0 0 0
3.38e-10 0 0 0
3.39e-10 0 0 0
3.4e-10 0 0 0
3.41e-10 0 0 0
3.42e-10 0 0 0
3.43e-10 0 0 0
3.44e-10 0 0 0
3.45e-10 0 0 0
3.46e-10 0 0 0
3.47e-10 0 0 0
3.48e-10 0 0 0
3.49e-10 0 0 0
3.5e-10 0 0 0
3.51e-10 0 0 0
3.52e-10 0 0 0
3.53e-10 0 0 0
3.54e-10 0 0 0
3.55e-10 0 0 0
3.56e-10 0 0 0
3.57e-10 0 0 0
3.58e-10 0 0 0
3.59e-10 0 0 0
3.6e-10 0 0 0
3.61e-10 0 0 0
3.62e-10 0 0 0
3.63e-10 0 0 0
3.64e-10 0 0 0
3.65e-10 0 0 0
3.66e-10 0 0 0
3.67e-10 0 0 0
3.68e-10 0 0 0
3.69e-10 0 0 0
3.7e-10 0 0 0
3.71e-10 0 0 0
3.72e-10 0 0 0
3.73e-10 0 0 0
3.74e-10 0 0 0
3.75e-10 0 0 0
3.76e-10 0 0 0
3.77e-10 0 0 0
3.78e-10 0 0 0
3.79e-10 0 0 0
3.8e-10 0 0 0
3.81e-10 0 0 0
3.82e-10 0 0 0
3.83e-10 0 0 0
3.84e-10 0 0 0
3.85e-10 0 0 0
3.86e-10 0 0 0
3.87e-10 0 0 0
3.88e-10 0 0 0
3.89e-10 0 0 0
3.9e-10 0 0 0
3.91e-10 0 0 0
3.92e-10 0 0 0
3.93e-10 0 0 0
3.94e-10 0 0 0
3.95e-10 0 0 0
3.96e-10 0 0 0
3.97e-10 0 0 0
3.98e-10 0 0 0
3.99e-10 0 0 0
4e-10 0 0 0
4.01e-10 0 0 0
4.02e-10 0 0 0
4.03e-10 0 0 0
4.04e-10 0 0 0
4.05e-10 0 0 0
4.06e-10 0 0 0
4.07e-10 0 0 0
4.08e-10 0 0 0
4.09e-10 0 0 0
4.1e-10 0 0 0
4.11e-10 0 0 0
4.12e-10 0 0 0
4.13e-10 0 0 0
4.14e-10 0 0 0
4.15e-10 0 0 0
4.16e-10 0 0 0
4.17e-10 0 0 0
4.18e-10 0 0 0
4.19e-10 0 0 0
4.2e-10 0 0 0
4.21e-10 0 0 0
4.22e-10 0 0 0
4.23e-10 0 0 0
4.24e-10 0 0 0
4.25e-10 0 0 0
4.26e-10 0 0 0
4.27e-10 0 0 0
4.28e-10 0 0 0
4.29e-10 0 0 0
4.3e-10 0 0 0
4.31e-10 0 0 0
4.32e-10 0 0 0
4.33e-10 0 0 0
4.34e-10 0 0 0
4.35e-10 0 0 0
4.36e-10 0 0 0
4.37e-10 0 0 0
4.38e-10 0 0 0
4.39e-10 0 0 0
4.4e-10 0 0 0
4.41e-10 0 0 0
4.42e-10 0 0 0
4.43e-10 0 0 0
4.44e-10 0 0 0
4.45e-10 0 0 0
4.46e-10 0 0 0
4.47e-10 0 0 0
4.48e-10 0 0 0
4.49e-10 0 0 0
4.5e-10 0 0 0
4.51e-10 0 0 0
4.52e-10 0 0 0
4.53e-10 0 0 0
4.54e-10 0 0 0
4.55e-10 0 0 0
4.56e-10 0 0 0
4.57e-10 0 0 0
4.58e-10 0 0 0
4.59e-10 0 0 0
4.6e-10 0 0 0
4.61e-10 0 0 0
4.62e-10 0 0 0
4.63e-10 0 0 0
4.64e-10 0 0 0
4.65e-10 0 0 0
4.66e-10 0 0 0
4.67e-10 0 0 0
4.68e-10 0 0 0
4.69e-10 0 0 0
4.7e-10 0 0 0
4.71e-10 0 0 0
4.72e-10 0 0 0
4.73e-10 0 0 0
4.74e-10 0 0 0
4.75e-10 0 0 0
4.76e-10 0 0 0
4.77e-10 0 0 0
4.78e-10 0 0 0
4.79e-10 0 0 0
4.8e-10 0 0 0
4.81e-10 0 0 0
4.82e-10 0 0 0
4.83e-10 0 0 0
4.84e-10 0 0 0
4.85e-10 0 0 0
4.86e-10 0 0 0
4.87e-10 0 0 0
4.88e-10 0 0 0
4.89e-10 0 0 0
4.9e-10 0 0 0
4.91e-10 0 0 0
4.92e-10 0 0 0
4.93e-10 0 0 0
4.94e-10 0 0 0
4.95e-10 0 0 0
4.96e-10 0 0 0
4.97e-10 0 0 0
4.98e-10 0 0 0
4.99e-10 0 0 0
5e-10 0 0 0
5.01e-10 0 0 0
5.02e-10 0 0 0
5.03e-10 0 0 0
5.04e-10 0 0 0
5.05e-10 0 0 0
5.06e-10 0 0 0
5.07e-10 0 0 0
5.08e-10 0 0 0
5.09e-10 0 0 0
5.1e-10 0 0 0
5.11e-10 0 0 0
5.12e-10 0 0 0
5.13e-10 0 0 0
5.14e-10 0 0 0
5.15e-10 0 0 0
5.16e-10 0 0 0
5.17e-10 0 0 0
5.18e-10 0 0 0
5.19e-10 0 0 0
5.2e-10 0 0 0
5.21e-10 0 0 0
5.22e-10 0 0 0
5.23e-10 0 0 0
5.24e-10 0 0 0
5.25e-10 0 0 0
5.26e-10 0 0 0
5.27e-10 0 0 0
5.28e-10 0 0 0
5.29e-10 0 0 0
5.3e-10 0 0 0
5.31e-10 0 0 0
5.32e-10 0 0 0
5.33e-10 0 0 0
5.34e-10 0 0 0
5.35e-10 0 0 0
5.36e-10 0 0 0
5.37e-10 0 0 0
5.38e-10 0 0 0
5.39e-10 0 0 0
5.4e-10 0 0 0
5.41e-10 0 0 0
5.42e-10 0 0 0
5.43e-10 0 0 0
5.44e-10 0 0 0
5.45e-10 0 0 0
5.46e-10 0 0 0
5.47e-10 0 0 0
5.48e-10 0 0 0
5.49e-10 0 0 0
5.5e-10 0 0 0
5.51e-10 0 0 0
5.52e-10 0 0 0
5.53e-10 0 0 0
5.54e-10 0 0 0
5.55e-10 0 0 0
5.56e-10 0 0 0
5.57e-10 0 0 0
5.58e-10 0 0 0
5.59e-10 0 0 0
5.6e-10 0 0 0
5.61e-10 0 0 0
5.62e-10 0 0 0
5.63e-10 0 0 0
5.64e-10 0 0 0
5.65e-10 0 0 0
5.66e-10 0 0 0
5.67e-10 0 0 0
5.68e-10 0 0 0
5.69e-10 0 0 0
5.7e-10 0 0 0
5.71e-10 0 0 0
5.72e-10 0 0 0
5.73e-10 0 0 0
5.74e-10 0 0 0
5.75e-10 0 0 0
5.76e-10 0 0 0
5.77e-10 0 0 0
5.78e-10 0 0 0
5.79e-10 0 0 0
5.8e-10 0 0 0
5.81e-10 0 0 0
5.82e-10 0 0 0
5.83e-10 0 0 0
5.84e-10 0 0 0
5.85e-10 0 0 0
5.86e-10 0 0 0
5.87e-10 0 0 0
5.88e-10 0 0 0
5.89e-10 0 0 0
5.9e-10 0 0 0
5.91e-10 0 0 0
5.92e-10 0 0 0
5.93e-10 0 0 0
5.94e-10 0 0 0
5.95e-10 0 0 0
5.96e-10 0 0 0
5.97e-10 0 0 0
5.98e-10 0 0 0
5.99e-10 0 0 0
6e-10 0 0 0
6.01e-10 0 0 0
6.02e-10 0 0 0
6.03e-10 0 0 0
6.04e-10 0 0 0
6.05e-10 0 0 0
6.06e-10 0 0 0
6.07e-10 0 0 0
6.08e-10 0 0 0
6.09e-10 0 0 0
6.1e-10 0 0 0
6.11e-10 0 0 0
6.12e-10 0 0 0
6.13e-10 0 0 0
6.14e-10 0 0 0
6.15e-10 0 0 0
6.16e-10 0 0 0
6.17e-10 0 0 0
6.18e-10 0 0 0
6.19e-10 0 0 0
6.2e-10 0 0 0
6.21e-10 0 0 0
6.22e-10 0 0 0
6.23e-10 0 0 0
6.24e-10 0 0 0
6.25e-10 0 0 0
6.26e-10 0 0 0
6.27e-10 0 0 0
6.28e-10 0 0 0
6.29e-10 0 0 0
6.3e-10 0 0 0
6.31e-10 0 0 0
6.32e-10 0 0 0
6.33e-10 0 0 0
6.34e-10 0 0 0
6.35e-10 0 0 0
6.36e-10 0 0 0
6.37e-10 0 0 0
6.38e-10 0 0 0
6.39e-10 0 0 0
6.4e-10 0 0 0
6.41e-10 0 0 0
6.42e-10 0 0 0
6.43e-10 0 0 0
6.44e-10 0 0 0
6.45e-10 0 0 0
6.46e-10 0 0 0
6.47e-10 0 0 0
6.48e-10 0 0 0
6.49e-10 0 0 0
6.5e-10 0 0 0
6.51e-10 0 0 0
6.52e-10 0 0 0
6.53e-10 0 0 0
6.54e-10 0 0 0
6.55e-10 0 0 0
6.56e-10 0 0 0
6.57e-10 0 0 0
6.58e-10 0 0 0
6.59e-10 0 0 0
6.6e-10 0 0 0
6.61e-10 0 0 0
6.62e-10 0 0 0
6.63e-10 0 0 0
6.64e-10 0 0 0
6.65e-10 0 0 0
6.66e-10 0 0 0
6.67e-10 0 0 0
6.68e-10 0 0 0
6.69e-10 0 0 0
6.7e-10 0 0 0
6.71e-10 0 0 0
6.72e-10 0 0 0
6.73e-10 0 0 0
6.74e-10 0 0 0
6.75e-10 0 0 0
6.76e-10 0 0 0
6.77e-10 0 0 0
6.78e-10 0 0 0
6.79e-10 0 0 0
6.8e-10 0 0 0
6.81e-10 0 0 0
6.82e-10 0 0 0
6.83e-10 0 0 0
6.84e-10 0 0 0
6.85e-10 0 0 0
6.86e-10 0 0 0
6.87e-10 0 0 0
6.88e-10 0 0 0
6.89e-10 0 0 0
6.9e-10 0 0 0
6.91e-10 0 0 0
6.92e-10 0 0 0
6.93e-10 0 0 0
6.94e-10 0 0 0
6.95e-10 0 0 0
6.96e-10 0 0 0
6.97e-10 0 0 0
6.98e-10 0 0 0
6.99e-10 0 0 0
7e-10 0 0 0
7.01e-10 0 0 0
7.02e-10 0 0 0
7.03e-10 0 0 0
7.04e-10 0 0 0
7.05e-10 0 0 0
7.06e-10 0 0 0
7.07e-10 0 0 0
7.08e-10 0 0 0
7.09e-10 0 0 0
7.1e-10 0 0 0
7.11e-10 0 0 0
7.12e-10 0 0 0
7.13e-10 0 0 0
7.14e-10 0 0 0
7.15e-10 0 0 0
7.16e-10 0 0 0
7.17e-10 0 0 0
7.18e-10 0 0 0
7.19e-10 0 0 0
7.2e-10 0 0 0
7.21e-10 0 0 0
7.22e-10 0 0 0
7.23e-10 0 0 0
7.24e-10 0 0 0
7.25e-10 0 0 0
7.26e-10 0 0 0
7.27e-10 0 0 0
7.28e-10 0 0 0
7.29e-10 0 0 0
7.3e-10 0 0 0
7.31e-10 0 0 0
7.32e-10 0 0 0
7.33e-10 0 0 0
7.34e-10 0 0 0
7.35e-10 0 0 0
7.36e-10 0 0 0
7.37e-10 0 0 0
7.38e-10 0 0 0
7.39e-10 0 0 0
7.4e-10 0 0 0
7.41e-10 0 0 0
7.42e-10 0 0 0
7.43e-10 0 0 0
7.44e-10 0 0 0
7.45e-10 0 0 0
7.46e-10 0 0 0
7.47e-10 0 0 0
7.48e-10 0 0 0
7.49e-10 0 0 0
7.5e-10 0 0 0
7.51e-10 0 0 0
7.52e-10 0 0 0
7.53e-10 0 0 0
7.54e-10 0 0 0
7.55e-10 0 0 0
7.56e-10 0 0 0
7.57e-10 0 0 0
7.58e-10 0 0 0
7.59e-10 0 0 0
7.6e-10 0 0 0
7.61e-10 0 0 0
7.62e-10 0 0 0
7.63e-10 0 0 0
7.64e-10 0 0 0
7.65e-10 0 0 0
7.66e-10 0 0 0
7.67e-10 0 0 0
7.68e-10 0 0 0
7.69e-10 0 0 0
7.7e-10 0 0 0
7.71e-10 0 0 0
7.72e-10 0 0 0
7.73e-10 0 0 0
7.74e-10 0 0 0
7.75e-10 0 0 0
7.76e-10 0 0 0
7.77e-10 0 0 0
7.78e-10 0 0 0
7.79e-10 0 0 0
7.8e-10 0 0 0
7.81e-10 0 0 0
7.82e-10 0 0 0
7.83e-10 0 0 0
7.84e-10 0 0 0
7.85e-10 0 0 0
7.86e-10 0 0 0
7.87e-10 0 0 0
7.88e-10 0 0 0
7.89e-10 0 0 0
7.9e-10 0 0 0
7.91e-10 0 0 0
7.92e-10 0 0 0
7.93e-10 0 0 0
7.94e-10 0 0 0
7.95e-10 0 0 0
7.96e-10 0 0 0
7.97e-10 0 0 0
7.98e-10 0 0 0
7.99e-10 0 0 0
8e-10 0 0 0
8.01e-10 0 0 0
8.02e-10 0 0 0
8.03e-10 0 0 0
8.04e-10 0 0 0
8.05e-10 0 0 0
8.06e-10 0 0 0
8.07e-10 0 0 0
8.08e-10 0 0 0
8.09e-10 0 0 0
8.1e-10 0 0 0
8.11e-10 0 0 0
8.12e-10 0 0 0
8.13e-10 0 0 0
8.14e-10 0 0 0
8.15e-10 0 0 0
8.16e-10 0 0 0
8.17e-10 0 0 0
8.18e-10 0 0 0
8.19e-10 0 0 0
8.2e-10 0 0 0
8.21e-10 0 0 0
8.22e-10 0 0 0
8.23e-10 0 0 0
8.24e-10 0 0 0
8.25e-10 0 0 0
8.26e-10 0 0 0
8.27e-10 0 0 0
8.28e-10 0 0 0
8.29e-10 0 0 0
8.3e-10 0 0 0
8.31e-10 0 0 0
8.32e-10 0 0 0
8.33e-10 0 0 0
8.34e-10 0 0 0
8.35e-10 0 0 0
8.36e-10 0 0 0
8.37e-10 0 0 0
8.38e-10 0 0 0
8.39e-10 0 0 0
8.4e-10 0 0 0
8.41e-10 0 0 0
8.42e-10 0 0 0
8.43e-10 0 0 0
8.44e-10 0 0 0
8.45e-10 0 0 0
8.46e-10 0 0 0
8.47e-10 0 0 0
8.48e-10 0 0 0
8.49e-10 0 0 0
8.5e-10 0 0 0
8.51e-10 0 0 0
8.52e-10 0 0 0
8.53e-10 0 0 0
8.54e-10 0 0 0
8.55e-10 0 0 0
8.56e-10 0 0 0
8.57e-10 0 0 0
8.58e-10 0 0 0
8.59e-10 0 0 0
8.6e-10 0 0 0
8.61e-10 0 0 0
8.62e-10 0 0 0
8.63e-10 0 0 0
8.64e-10 0 0 0
8.65e-10 0 0 0
8.66e-10 0 0 0
8.67e-10 0 0 0
8.68e-10 0 0 0
8.69e-10 0 0 0
8.7e-10 0 0 0
8.71e-10 0 0 0
8.72e-10 0 0 0
8.73e-10 0 0 0
8.74e-10 0 0 0
8.75e-10 0 0 0
8.76e-10 0 0 0
8.77e-10 0 0 0
8.78e-10 0 0 0
8.79e-10 0 0 0
8.8e-10 0 0 0
8.81e-10 0 0 0
8.82e-10 0 0 0
8.83e-10 0 0 0
8.84e-10 0 0 0
8.85e-10 0 0 0
8.86e-10 0 0 0
8.87e-10 0 0 0
8.88e-10 0 0 0
8.89e-10 0 0 0
8.9e-10 0 0 0
8.91e-10 0 0 0
8.92e-10 0 0 0
8.93e-10 0 0 0
8.94e-10 0 0 0
8.95e-10 0 0 0
8.96e-10 0 0 0
8.97e-10 0 0 0
8.98e-10 0 0 0
8.99e-10 0 0 0
9e-10 0 0 0
9.01e-10 0 0 0
9.02e-10 0 0 0
9.03e-10 0 0 0
9.04e-10 0 0 0
9.05e-10 0 0 0
9.06e-10 0 0 0
9.07e-10 0 0 0
9.08e-10 0 0 0
9.09e-10 0 0 0
9.1e-10 0 0 0
9.11e-10 0 0 0
9.12e-10 0 0 0
9.13e-10 0 0 0
9.14e-10 0 0 0
9.15e-10 0 0 0
9.16e-10 0 0 0
9.17e-10 0 0 0
9.18e-10 0 0 0
9.19e-10 0 0 0
9.2e-10 0 0 0
9.21e-10 0 0 0
9.22e-10 0 0 0
9.23e-10 0 0 0
9.24e-10 0 0 0
9.25e-10 0 0 0
9.26e-10 0 0 0
9.27e-10 0 0 0
9.28e-10 0 0 0
9.29e-10 0 0 0
9.3e-10 0 0 0
9.31e-10 0 0 0
9.32e-10 0 0 0
9.33e-10 0 0 0
9.34e-10 0 0 0
9.35e-10 0 0 0
9.36e-10 0 0 0
9.37e-10 0 0 0
9.38e-10 0 0 0
9.39e-10 0 0 0
9.4e-10 0 0 0
9.41e-10 0 0 0
9.42e-10 0 0 0
9.43e-10 0 0 0
9.44e-10 0 0 0
9.45e-10 0 0 0
9.46e-10 0 0 0
9.47e-10 0 0 0
9.48e-10 0 0 0
9.49e-10 0 0 0
9.5e-10 0 0 0
9.51e-10 0 0 0
9.52e-10 0 0 0
9.53e-10 0 0 0
9.54e-10 0 0 0
9.55e-10 0 0 0
9.56e-10 0 0 0
9.57e-10 0 0 0
9.58e-10 0 0 0
9.59e-10 0 0 0
9.6e-10 0 0 0
9.61e-10 0 0 0
9.62e-10 0 0 0
9.63e-10 0 0 0
9.64e-10 0 0 0
9.65e-10 0 0 0
9.66e-10 0 0 0
9.67e-10 0 0 0
9.68e-10 0 0 0
9.69e-10 0 0 0
9.7e-10 0 0 0
9.71e-10 0 0 0
9.72e-10 0 0 0
9.73e-10 0 0 0
9.74e-10 0 0 0
9.75e-10 0 0 0
9.76e-10 0 0 0
9.77e-10 0 0 0
9.78e-10 0 0 0
9.79e-10 0 0 0
9.8e-10 0 0 0
9.81e-10 0 0 0
9.82e-10 0 0 0
9.83e-10 0 0 0
9.84e-10 0 0 0
9.85e-10 0 0 0
9.86e-10 0 0 0
9.87e-10 0 0 0
9.88e-10 0 0 0
9.89e-10 0 0 0
9.9e-10 0 0 0
9.91e-10 0 0 0
9.92e-10 0 0 0
9.93e-10 0 0 0
9.94e-10 0 0 0
9.95e-10 0 0 0
9.96e-10 0 0 0
9.97e-10 0 0 0
9.98e-10 0 0 0
9.99e-10 0 0 0
1e-09 0 0 0
1.001e-09 0 0 0
1.002e-09 0 0 0
1.003e-09 0 0 0
1.004e-09 0 0 0
1.005e-09 0 0 0
1.006e-09 0 0 0
1.007e-09 0 0 0
1.008e-09 0 0 0
1.009e-09 0 0 0
1.01e-09 0 0 0
1.011e-09 0 0 0
1.012e-09 0 0 0
1.013e-09 0 0 0
1.014e-09 0 0 0
1.015e-09 0 0 0
1.016e-09 0 0 0
1.017e-09 0 0 0
1.018e-09 0 0 0
1.019e-09 0 0 0
1.02e-09 0 0 0
1.021e-09 0 0 0
1.022e-09 0 0 0
1.023e-09 0 0 0
1.024e-09 0 0 0
1.025e-09 0 0 0
1.026e-09 0 0 0
1.027e-09 0 0 0
1.028e-09 0 0 0
1.029e-09 0 0 0
1.03e-09 0 0 0
1.031e-09 0 0 0
1.032e-09 0 0 0
1.033e-09 0 0 0
1.034e-09 0 0 0
1.035e-09 0 0 0
1.036e-09 0 0 0
1.037e-09 0 0 0
1.038e-09 0 0 0
1.039e-09 0 0 0
1.04e-09 0 0 0
1.041e-09 0 0 0
1.042e-09 0 0 0
1.043e-09 0 0 0
1.044e-09 0 0 0
1.045e-09 0 0 0
1.046e-09 0 0 0
1.047e-09 0 0 0
1.048e-09 0 0 0
1.049e-09 0 0 0
1.05e-09 0 0 0
1.051e-09 0 0 0
1.052e-09 0 0 0
1.053e-09 0 0 0
1.054e-09 0 0 0
1.055e-09 0 0 0
1.056e-09 0 0 0
1.057e-09 0 0 0
1.058e-09 0 0 0
1.059e-09 0 0 0
1.06e-09 0 0 0
1.061e-09 0 0 0
1.062e-09 0 0 0
1.063e-09 0 0 0
1.064e-09 0 0 0
1.065e-09 0 0 0
1.066e-09 0 0 0
1.067e-09 0 0 0
1.068e-09 0 0 0
1.069e-09 0 0 0
1.07e-09 0 0 0
1.071e-09 0 0 0
1.072e-09 0 0 0
1.073e-09 0 0 0
1.074e-09 0 0 0
1.075e-09 0 0 0
1.076e-09 0 0 0
1.077e-09 0 0 0
1.078e-09 0 0 0
1.079e-09 0 0 0
1.08e-09 0 0 0
1.081e-09 0 0 0
1.082e-09 0 0 0
1.083e-09 0 0 0
1.084e-09 0 0 0
1.085e-09 0 0 0
1.086e-09 0 0 0
1.087e-09 0 0 0
1.088e-09 0 0 0
1.089e-09 0 0 0
1.09e-09 0 0 0
1.091e-09 0 0 0
1.092e-09 0 0 0
1.093e-09 0 0 0
1.094e-09 0 0 0
1.095e-09 0 0 0
1.096e-09 0 0 0
1.097e-09 0 0 0
1.098e-09 0 0 0
1.099e-09 0 0 0
1.1e-09 0 0 0
1.101e-09 0 0 0
1.102e-09 0 0 0
1.103e-09 0 0 0
1.104e-09 0 0 0
1.105e-09 0 0 0
1.106e-09 0 0 0
1.107e-09 0 0 0
1.108e-09 0 0 0
1.109e-09 0 0 0
1.11e-09 0 0 0
1.111e-09 0 0 0
1.112e-09 0 0 0
1.113e-09 0 0 0
1.114e-09 0 0 0
1.115e-09 0 0 0
1.116e-09 0 0 0
1.117e-09 0 0 0
1.118e-09 0 0 0
1.119e-09 0 0 0
1.12e-09 0 0 0
1.121e-09 0 0 0
1.122e-09 0 0 0
1.123e-09 0 0 0
1.124e-09 0 0 0
1.125e-09 0 0 0
1.126e-09 0 0 0
1.127e-09 0 0 0
1.128e-09 0 0 0
1.129e-09 0 0 0
1.13e-09 0 0 0
1.131e-09 0 0 0
1.132e-09 0 0 0
1.133e-09 0 0 0
1.134e-09 0 0 0
1.135e-09 0 0 0
1.136e-09 0 0 0
1.137e-09 0 0 0
1.138e-09 0 0 0
1.139e-09 0 0 0
1.14e-09 0 0 0
1.141e-09 0 0 0
1.142e-09 0 0 0
1.143e-09 0 0 0
1.144e-09 0 0 0
1.145e-09 0 0 0
1.146e-09 0 0 0
1.147e-09 0 0 0
1.148e-09 0 0 0
1.149e-09 0 0 0
1.15e-09 0 0 0
1.151e-09 0 0 0
1.152e-09 0 0 0
1.153e-09 0 0 0
1.154e-09 0 0 0
1.155e-09 0 0 0
1.156e-09 0 0 0
1.157e-09 0 0 0
1.158e-09 0 0 0
1.159e-09 0 0 0
1.16e-09 0 0 0
1.161e-09 0 0 0
1.162e-09 0 0 0
1.163e-09 0 0 0
1.164e-09 0 0 0
1.165e-09 0 0 0
1.166e-09 0 0 0
1.167e-09 0 0 0
1.168e-09 0 0 0
1.169e-09 0 0 0
1.17e-09 0 0 0
1.171e-09 0 0 0
1.172e-09 0 0 0
1.173e-09 0 0 0
1.174e-09 0 0 0
1.175e-09 0 0 0
1.176e-09 0 0 0
1.177e-09 0 0 0
1.178e-09 0 0 0
1.179e-09 0 0 0
1.18e-09 0 0 0
1.181e-09 0 0 0
1.182e-09 0 0 0
1.183e-09 0 0 0
1.184e-09 0 0 0
1.185e-09 0 0 0
1.186e-09 0 0 0
1.187e-09 0 0 0
1.188e-09 0 0 0
1.189e-09 0 0 0
1.19e-09 0 0 0
1.191e-09 0 0 0
1.192e-09 0 0 0
1.193e-09 0 0 0
1.194e-09 0 0 0
1.195e-09 0 0 0
1.196e-09 0 0 0
1.197e-09 0 0 0
1.198e-09 0 0 0
1.199e-09 0 0 0
1.2e-09 0 0 0
1.201e-09 0 0 0
1.202e-09 0 0 0
1.203e-09 0 0 0
1.204e-09 0 0 0
1.205e-09 0 0 0
1.206e-09 0 0 0
1.207e-09 0 0 0
1.208e-09 0 0 0
1.209e-09 0 0 0
1.21e-09 0 0 0
1.211e-09 0 0 0
1.212e-09 0 0 0
1.213e-09 0 0 0
1.214e-09 0 0 0
1.215e-09 0 0 0
1.216e-09 0 0 0
1.217e-09 0 0 0
1.218e-09 0 0 0
1.219e-09 0 0 0
1.22e-09 0 0 0
1.221e-09 0 0 0
1.222e-09 0 0 0
1.223e-09 0 0 0
1.224e-09 0 0 0
1.225e-09 0 0 0
1.226e-09 0 0 0
1.227e-09 0 0 0
1.228e-09 0 0 0
1.229e-09 0 0 0
1.23e-09 0 0 0
1.231e-09 0 0 0
1.232e-09 0 0 0
1.233e-09 0 0 0
1.234e-09 0 0 0
1.235e-09 0 0 0
1.236e-09 0 0 0
1.237e-09 0 0 0
1.238e-09 0 0 0
1.239e-09 0 0 0
1.24e-09 0 0 0
1.241e-09 0 0 0
1.242e-09 0 0 0
1.243e-09 0 0 0
1.244e-09 0 0 0
1.245e-09 0 0 0
1.246e-09 0 0 0
1.247e-09 0 0 0
1.248e-09 0 0 0
1.249e-09 0 0 0
1.25e-09 0 0 0
1.251e-09 0 0 0
1.252e-09 0 0 0
1.253e-09 0 0 0
1.254e-09 0 0 0
1.255e-09 0 0 0
1.256e-09 0 0 0
1.257e-09 0 0 0
1.258e-09 0 0 0
1.259e-09 0 0 0
1.26e-09 0 0 0
1.261e-09 0 0 0
1.262e-09 0 0 0
1.263e-09 0 0 0
1.264e-09 0 0 0
1.265e-09 0 0 0
1.266e-09 0 0 0
1.267e-09 0 0 0
1.268e-09 0 0 0
1.269e-09 0 0 0
1.27e-09 0 0 0
1.271e-09 0 0 0
1.272e-09 0 0 0
1.273e-09 0 0 0
1.274e-09 0 0 0
1.275e-09 0 0 0
1.276e-09 0 0 0
1.277e-09 0 0 0
1.278e-09 0 0 0
1.279e-09 0 0 0
1.28e-09 0 0 0
1.281e-09 0 0 0
1.282e-09 0 0 0
1.283e-09 0 0 0
1.284e-09 0 0 0
1.285e-09 0 0 0
1.286e-09 0 0 0
1.287e-09 0 0 0
1.288e-09 0 0 0
1.289e-09 0 0 0
1.29e-09 0 0 0
1.291e-09 0 0 0
1.292e-09 0 0 0
1.293e-09 0 0 0
1.294e-09 0 0 0
1.295e-09 0 0 0
1.296e-09 0 0 0
1.297e-09 0 0 0
1.298e-09 0 0 0
1.299e-09 0 0 0
1.3e-09 0 0 0
1.301e-09 0 0 0
1.302e-09 0 0 0
1.303e-09 0 0 0
1.304e-09 0 0 0
1.305e-09 0 0 0
1.306e-09 0 0 0
1.307e-09 0 0 0
1.308e-09 0 0 0
1.309e-09 0 0 0
1.31e-09 0 0 0
1.311e-09 0 0 0
1.312e-09 0 0 0
1.313e-09 0 0 0
1.314e-09 0 0 0
1.315e-09 0 0 0
1.316e-09 0 0 0
1.317e-09 0 0 0
1.318e-09 0 0 0
1.319e-09 0 0 0
1.32e-09 0 0 0
1.321e-09 0 0 0
1.322e-09 0 0 0
1.323e-09 0 0 0
1.324e-09 0 0 0
1.325e-09 0 0 0
1.326e-09 0 0 0
1.327e-09 0 0 0
1.328e-09 0 0 0
1.329e-09 0 0 0
1.33e-09 0 0 0
1.331e-09 0 0 0
1.332e-09 0 0 0
1.333e-09 0 0 0
1.334e-09 0 0 0
1.335e-09 0 0 0
1.336e-09 0 0 0
1.337e-09 0 0 0
1.338e-09 0 0 0
1.339e-09 0 0 0
1.34e-09 0 0 0
1.341e-09 0 0 0
1.342e-09 0 0 0
1.343e-09 0 0 0
1.344e-09 0 0 0
1.345e-09 0 0 0
1.346e-09 0 0 0
1.347e-09 0 0 0
1.348e-09 0 0 0
1.349e-09 0 0 0
1.35e-09 0 0 0
1.351e-09 0 0 0
1.352e-09 0 0 0
1.353e-09 0 0 0
1.354e-09 0 0 0
1.355e-09 0 0 0
1.356e-09 0 0 0
1.357e-09 0 0 0
1.358e-09 0 0 0
1.359e-09 0 0 0
1.36e-09 0 0 0
1.361e-09 0 0 0
1.362e-09 0 0 0
1.363e-09 0 0 0
1.364e-09 0 0 0
1.365e-09 0 0 0
1.366e-09 0 0 0
1.367e-09 0 0 0
1.368e-09 0 0 0
1.369e-09 0 0 0
1.37e-09 0 0 0
1.371e-09 0 0 0
1.372e-09 0 0 0
1.373e-09 0 0 0
1.374e-09 0 0 0
1.375e-09 0 0 0
1.376e-09 0 0 0
1.377e-09 0 0 0
1.378e-09 0 0 0
1.379e-09 0 0 0
1.38e-09 0 0 0
1.381e-09 0 0 0
1.382e-09 0 0 0
1.383e-09 0 0 0
1.384e-09 0 0 0
1.385e-09 0 0 0
1.386e-09 0 0 0
1.387e-09 0 0 0
1.388e-09 0 0 0
1.389e-09 0 0 0
1.39e-09 0 0 0
1.391e-09 0 0 0
1.392e-09 0 0 0
1.393e-09 0 0 0
1.394e-09 0 0 0
1.395e-09 0 0 0
1.396e-09 0 0 0
1.397e-09 0 0 0
1.398e-09 0 0 0
1.399e-09 0 0 0
1.4e-09 0 0 0
1.401e-09 0 0 0
1.402e-09 0 0 0
1.403e-09 0 0 0
1.404e-09 0 0 0
1.405e-09 0 0 0
1.406e-09 0 0 0
1.407e-09 0 0 0
1.408e-09 0 0 0
1.409e-09 0 0 0
1.41e-09 0 0 0
1.411e-09 0 0 0
1.412e-09 0 0 0
1.413e-09 0 0 0
1.414e-09 0 0 0
1.415e-09 0 0 0
1.416e-09 0 0 0
1.417e-09 0 0 0
1.418e-09 0 0 0
1.419e-09 0 0 0
1.42e-09 0 0 0
1.421e-09 0 0 0
1.422e-09 0 0 0
1.423e-09 0 0 0
1.424e-09 0 0 0
1.425e-09 0 0 0
1.426e-09 0 0 0
1.427e-09 0 0 0
1.428e-09 0 0 0
1.429e-09 0 0 0
1.43e-09 0 0 0
1.431e-09 0 0 0
1.432e-09 0 0 0
1.433e-09 0 0 0
1.434e-09 0 0 0
1.435e-09 0 0 0
1.436e-09 0 0 0
1.437e-09 0 0 0
1.438e-09 0 0 0
1.439e-09 0 0 0
1.44e-09 0 0 0
1.441e-09 0 0 0
1.442e-09 0 0 0
1.443e-09 0 0 0
1.444e-09 0 0 0
1.445e-09 0 0 0
1.446e-09 0 0 0
1.447e-09 0 0 0
1.448e-09 0 0 0
1.449e-09 0 0 0
1.45e-09 0 0 0
1.451e-09 0 0 0
1.452e-09 0 0 0
1.453e-09 0 0 0
1.454e-09 0 0 0
1.455e-09 0 0 0
1.456e-09 0 0 0
1.457e-09 0 0 0
1.458e-09 0 0 0
1.459e-09 0 0 0
1.46e-09 0 0 0
1.461e-09 0 0 0
1.462e-09 0 0 0
1.463e-09 0 0 0
1.464e-09 0 0 0
1.465e-09 0 0 0
1.466e-09 0 0 0
1.467e-09 0 0 0
1.468e-09 0 0 0
1.469e-09 0 0 0
1.47e-09 0 0 0
1.471e-09 0 0 0
1.472e-09 0 0 0
1.473e-09 0 0 0
1.474e-09 0 0 0
1.475e-09 0 0 0
1.476e-09 0 0 0
1.477e-09 0 0 0
1.478e-09 0 0 0
1.479e-09 0 0 0
1.48e-09 0 0 0
1.481e-09 0 0 0
1.482e-09 0 0 0
1.483e-09 0 0 0
1.484e-09 0 0 0
1.485e-09 0 0 0
1.486e-09 0 0 0
1.487e-09 0 0 0
1.488e-09 0 0 0
1.489e-09 0 0 0
1.49e-09 0 0 0
1.491e-09 0 0 0
1.492e-09 0 0 0
1.493e-09 0 0 0
1.494e-09 0 0 0
1.495e-09 0 0 0
1.496e-09 0 0 0
1.497e-09 0 0 0
1.498e-09 0 0 0
1.499e-09 0 0 0
1.5e-09 0 0 0
1.501e-09 0 0 0
1.502e-09 0 0 0
1.503e-09 0 0 0
1.504e-09 0 0 0
1.505e-09 0 0 0
1.506e-09 0 0 0
1.507e-09 0 0 0
1.508e-09 0 0 0
1.509e-09 0 0 0
1.51e-09 0 0 0
1.511e-09 0 0 0
1.512e-09 0 0 0
1.513e-09 0 0 0
1.514e-09 0 0 0
1.515e-09 0 0 0
1.516e-09 0 0 0
1.517e-09 0 0 0
1.518e-09 0 0 0
1.519e-09 0 0 0
1.52e-09 0 0 0
1.521e-09 0 0 0
1.522e-09 0 0 0
1.523e-09 0 0 0
1.524e-09 0 0 0
1.525e-09 0 0 0
1.526e-09 0 0 0
1.527e-09 0 0 0
1.528e-09 0 0 0
1.529e-09 0 0 0
1.53e-09 0 0 0
1.531e-09 0 0 0
1.532e-09 0 0 0
1.533e-09 0 0 0
1.534e-09 0 0 0
1.535e-09 0 0 0
1.536e-09 0 0 0
1.537e-09 0 0 0
1.538e-09 0 0 0
1.539e-09 0 0 0
1.54e-09 0 0 0
1.541e-09 0 0 0
1.542e-09 0 0 0
1.543e-09 0 0 0
1.544e-09 0 0 0
1.545e-09 0 0 0
1.546e-09 0 0 0
1.547e-09 0 0 0
1.548e-09 0 0 0
1.549e-09 0 0 0
1.55e-09 0 0 0
1.551e-09 0 0 0
1.552e-09 0 0 0
1.553e-09 0 0 0
1.554e-09 0 0 0
1.555e-09 0 0 0
1.556e-09 0 0 0
1.557e-09 0 0 0
1.558e-09 0 0 0
1.559e-09 0 0 0
1.56e-09 0 0 0
1.561e-09 0 0 0
1.562e-09 0 0 0
1.563e-09 0 0 0
1.564e-09 0 0 0
1.565e-09 0 0 0
1.566e-09 0 0 0
1.567e-09 0 0 0
1.568e-09 0 0 0
1.569e-09 0 0 0
1.57e-09 0 0 0
1.571e-09 0 0 0
1.572e-09 0 0 0
1.573e-09 0 0 0
1.574e-09 0 0 0
1.575e-09 0 0 0
1.576e-09 0 0 0
1.577e-09 0 0 0
1.578e-09 0 0 0
1.579e-09 0 0 0
1.58e-09 0 0 0
1.581e-09 0 0 0
1.582e-09 0 0 0
1.583e-09 0 0 0
1.584e-09 0 0 0
1.585e-09 0 0 0
1.586e-09 0 0 0
1.587e-09 0 0 0
1.588e-09 0 0 0
1.589e-09 0 0 0
1.59e-09 0 0 0
1.591e-09 0 0 0
1.592e-09 0 0 0
1.593e-09 0 0 0
1.594e-09 0 0 0
1.595e-09 0 0 0
1.596e-09 0 0 0
1.597e-09 0 0 0
1.598e-09 0 0 0
1.599e-09 0 0 0
1.6e-09 0 0 0
1.601e-09 0 0 0
1.602e-09 0 0 0
1.603e-09 0 0 0
1.604e-09 0 0 0
1.605e-09 0 0 0
1.606e-09 0 0 0
1.607e-09 0 0 0
1.608e-09 0 0 0
1.609e-09 0 0 0
1.61e-09 0 0 0
1.611e-09 0 0 0
1.612e-09 0 0 0
1.613e-09 0 0 0
1.614e-09 0 0 0
1.615e-09 0 0 0
1.616e-09 0 0 0
1.617e-09 0 0 0
1.618e-09 0 0 0
1.619e-09 0 0 0
1.62e-09 0 0 0
1.621e-09 0 0 0
1.622e-09 0 0 0
1.623e-09 0 0 0
1.624e-09 0 0 0
1.625e-09 0 0 0
1.626e-09 0 0 0
1.627e-09 0 0 0
1.628e-09 0 0 0
1.629e-09 0 0 0
1.63e-09 0 0 0
1.631e-09 0 0 0
1.632e-09 0 0 0
1.633e-09 0 0 0
1.634e-09 0 0 0
1.635e-09 0 0 0
1.636e-09 0 0 0
1.637e-09 0 0 0
1.638e-09 0 0 0
1.639e-09 0 0 0
1.64e-09 0 0 0
1.641e-09 0 0 0
1.642e-09 0 0 0
1.643e-09 0 0 0
1.644e-09 0 0 0
1.645e-09 0 0 0
1.646e-09 0 0 0
1.647e-09 0 0 0
1.648e-09 0 0 0
1.649e-09 0 0 0
1.65e-09 0 0 0
1.651e-09 0 0 0
1.652e-09 0 0 0
1.653e-09 0 0 0
1.654e-09 0 0 0
1.655e-09 0 0 0
1.656e-09 0 0 0
1.657e-09 0 0 0
1.658e-09 0 0 0
1.659e-09 0 0 0
1.66e-09 0 0 0
1.661e-09 0 0 0
1.662e-09 0 0 0
1.663e-09 0 0 0
1.664e-09 0 0 0
1.665e-09 0 0 0
1.666e-09 0 0 0
1.667e-09 0 0 0
1.668e-09 0 0 0
1.669e-09 0 0 0
1.67e-09 0 0 0
1.671e-09 0 0 0
1.672e-09 0 0 0
1.673e-09 0 0 0
1.674e-09 0 0 0
1.675e-09 0 0 0
1.676e-09 0 0 0
1.677e-09 0 0 0
1.678e-09 0 0 0
1.679e-09 0 0 0
1.68e-09 0 0 0
1.681e-09 0 0 0
1.682e-09 0 0 0
1.683e-09 0 0 0
1.684e-09 0 0 0
1.685e-09 0 0 0
1.686e-09 0 0 0
1.687e-09 0 0 0
1.688e-09 0 0 0
1.689e-09 0 0 0
1.69e-09 0 0 0
1.691e-09 0 0 0
1.692e-09 0 0 0
1.693e-09 0 0 0
1.694e-09 0 0 0
1.695e-09 0 0 0
1.696e-09 0 0 0
1.697e-09 0 0 0
1.698e-09 0 0 0
1.699e-09 0 0 0
1.7e-09 0 0 0
1.701e-09 0 0 0
1.702e-09 0 0 0
1.703e-09 0 0 0
1.704e-09 0 0 0
1.705e-09 0 0 0
1.706e-09 0 0 0
1.707e-09 0 0 0
1.708e-09 0 0 0
1.709e-09 0 0 0
1.71e-09 0 0 0
1.711e-09 0 0 0
1.712e-09 0 0 0
1.713e-09 0 0 0
1.714e-09 0 0 0
1.715e-09 0 0 0
1.716e-09 0 0 0
1.717e-09 0 0 0
1.718e-09 0 0 0
1.719e-09 0 0 0
1.72e-09 0 0 0
1.721e-09 0 0 0
1.722e-09 0 0 0
1.723e-09 0 0 0
1.724e-09 0 0 0
1.725e-09 0 0 0
1.726e-09 0 0 0
1.727e-09 0 0 0
1.728e-09 0 0 0
1.729e-09 0 0 0
1.73e-09 0 0 0
1.731e-09 0 0 0
1.732e-09 0 0 0
1.733e-09 0 0 0
1.734e-09 0 0 0
1.735e-09 0 0 0
1.736e-09 0 0 0
1.737e-09 0 0 0
1.738e-09 0 0 0
1.739e-09 0 0 0
1.74e-09 0 0 0
1.741e-09 0 0 0
1.742e-09 0 0 0
1.743e-09 0 0 0
1.744e-09 0 0 0
1.745e-09 0 0 0
1.746e-09 0 0 0
1.747e-09 0 0 0
1.748e-09 0 0 0
1.749e-09 0 0 0
1.75e-09 0 0 0
1.751e-09 0 0 0
1.752e-09 0 0 0
1.753e-09 0 0 0
1.754e-09 0 0 0
1.755e-09 0 0 0
1.756e-09 0 0 0
1.757e-09 0 0 0
1.758e-09 0 0 0
1.759e-09 0 0 0
1.76e-09 0 0 0
1.761e-09 0 0 0
1.762e-09 0 0 0
1.763e-09 0 0 0
1.764e-09 0 0 0
1.765e-09 0 0 0
1.766e-09 0 0 0
1.767e-09 0 0 0
1.768e-09 0 0 0
1.769e-09 0 0 0
1.77e-09 0 0 0
1.771e-09 0 0 0
1.772e-09 0 0 0
1.773e-09 0 0 0
1.774e-09 0 0 0
1.775e-09 0 0 0
1.776e-09 0 0 0
1.777e-09 0 0 0
1.778e-09 0 0 0
1.779e-09 0 0 0
1.78e-09 0 0 0
1.781e-09 0 0 0
1.782e-09 0 0 0
1.783e-09 0 0 0
1.784e-09 0 0 0
1.785e-09 0 0 0
1.786e-09 0 0 0
1.787e-09 0 0 0
1.788e-09 0 0 0
1.789e-09 0 0 0
1.79e-09 0 0 0
1.791e-09 0 0 0
1.792e-09 0 0 0
1.793e-09 0 0 0
1.794e-09 0 0 0
1.795e-09 0 0 0
1.796e-09 0 0 0
1.797e-09 0 0 0
1.798e-09 0 0 0
1.799e-09 0 0 0
1.8e-09 0 0 0
1.801e-09 0 0 0
1.802e-09 0 0 0
1.803e-09 0 0 0
1.804e-09 0 0 0
1.805e-09 0 0 0
1.806e-09 0 0 0
1.807e-09 0 0 0
1.808e-09 0 0 0
1.809e-09 0 0 0
1.81e-09 0 0 0
1.811e-09 0 0 0
1.812e-09 0 0 0
1.813e-09 0 0 0
1.814e-09 0 0 0
1.815e-09 0 0 0
1.816e-09 0 0 0
1.817e-09 0 0 0
1.818e-09 0 0 0
1.819e-09 0 0 0
1.82e-09 0 0 0
1.821e-09 0 0 0
1.822e-09 0 0 0
1.823e-09 0 0 0
1.824e-09 0 0 0
1.825e-09 0 0 0
1.826e-09 0 0 0
1.827e-09 0 0 0
1.828e-09 0 0 0
1.829e-09 0 0 0
1.83e-09 0 0 0
1.831e-09 0 0 0
1.832e-09 0 0 0
1.833e-09 0 0 0
1.834e-09 0 0 0
1.835e-09 0 0 0
1.836e-09 0 0 0
1.837e-09 0 0 0
1.838e-09 0 0 0
1.839e-09 0 0 0
1.84e-09 0 0 0
1.841e-09 0 0 0
1.842e-09 0 0 0
1.843e-09 0 0 0
1.844e-09 0 0 0
1.845e-09 0 0 0
1.846e-09 0 0 0
1.847e-09 0 0 0
1.848e-09 0 0 0
1.849e-09 0 0 0
1.85e-09 0 0 0
1.851e-09 0 0 0
1.852e-09 0 0 0
1.853e-09 0 0 0
1.854e-09 0 0 0
1.855e-09 0 0 0
1.856e-09 0 0 0
1.857e-09 0 0 0
1.858e-09 0 0 0
1.859e-09 0 0 0
1.86e-09 0 0 0
1.861e-09 0 0 0
1.862e-09 0 0 0
1.863e-09 0 0 0
1.864e-09 0 0 0
1.865e-09 0 0 0
1.866e-09 0 0 0
1.867e-09 0 0 0
1.868e-09 0 0 0
1.869e-09 0 0 0
1.87e-09 0 0 0
1.871e-09 0 0 0
1.872e-09 0 0 0
1.873e-09 0 0 0
1.874e-09 0 0 0
1.875e-09 0 0 0
1.876e-09 0 0 0
1.877e-09 0 0 0
1.878e-09 0 0 0
1.879e-09 0 0 0
1.88e-09 0 0 0
1.881e-09 0 0 0
1.882e-09 0 0 0
1.883e-09 0 0 0
1.884e-09 0 0 0
1.885e-09 0 0 0
1.886e-09 0 0 0
1.887e-09 0 0 0
1.888e-09 0 0 0
1.889e-09 0 0 0
1.89e-09 0 0 0
1.891e-09 0 0 0
1.892e-09 0 0 0
1.893e-09 0 0 0
1.894e-09 0 0 0
1.895e-09 0 0 0
1.896e-09 0 0 0
1.897e-09 0 0 0
1.898e-09 0 0 0
1.899e-09 0 0 0
1.9e-09 0 0 0
1.901e-09 0 0 0
1.902e-09 0 0 0
1.903e-09 0 0 0
1.904e-09 0 0 0
1.905e-09 0 0 0
1.906e-09 0 0 0
1.907e-09 0 0 0
1.908e-09 0 0 0
1.909e-09 0 0 0
1.91e-09 0 0 0
1.911e-09 0 0 0
1.912e-09 0 0 0
1.913e-09 0 0 0
1.914e-09 0 0 0
1.915e-09 0 0 0
1.916e-09 0 0 0
1.917e-09 0 0 0
1.918e-09 0 0 0
1.919e-09 0 0 0
1.92e-09 0 0 0
1.921e-09 0 0 0
1.922e-09 0 0 0
1.923e-09 0 0 0
1.924e-09 0 0 0
1.925e-09 0 0 0
1.926e-09 0 0 0
1.927e-09 0 0 0
1.928e-09 0 0 0
1.929e-09 0 0 0
1.93e-09 0 0 0
1.931e-09 0 0 0
1.932e-09 0 0 0
1.933e-09 0 0 0
1.934e-09 0 0 0
1.935e-09 0 0 0
1.936e-09 0 0 0
1.937e-09 0 0 0
1.938e-09 0 0 0
1.939e-09 0 0 0
1.94e-09 0 0 0
1.941e-09 0 0 0
1.942e-09 0 0 0
1.943e-09 0 0 0
1.944e-09 0 0 0
1.945e-09 0 0 0
1.946e-09 0 0 0
1.947e-09 0 0 0
1.948e-09 0 0 0
1.949e-09 0 0 0
1.95e-09 0 0 0
1.951e-09 0 0 0
1.952e-09 0 0 0
1.953e-09 0 0 0
1.954e-09 0 0 0
1.955e-09 0 0 0
1.956e-09 0 0 0
1.957e-09 0 0 0
1.958e-09 0 0 0
1.959e-09 0 0 0
1.96e-09 0 0 0
1.961e-09 0 0 0
1.962e-09 0 0 0
1.963e-09 0 0 0
1.964e-09 0 0 0
1.965e-09 0 0 0
1.966e-09 0 0 0
1.967e-09 0 0 0
1.968e-09 0 0 0
1.969e-09 0 0 0
1.97e-09 0 0 0
1.971e-09 0 0 0
1.972e-09 0 0 0
1.973e-09 0 0 0
1.974e-09 0 0 0
1.975e-09 0 0 0
1.976e-09 0 0 0
1.977e-09 0 0 0
1.978e-09 0 0 0
1.979e-09 0 0 0
1.98e-09 0 0 0
1.981e-09 0 0 0
1.982e-09 0 0 0
1.983e-09 0 0 0
1.984e-09 0 0 0
1.985e-09 0 0 0
1.986e-09 0 0 0
1.987e-09 0 0 0
1.988e-09 0 0 0
1.989e-09 0 0 0
1.99e-09 0 0 0
1.991e-09 0 0 0
1.992e-09 0 0 0
1.993e-09 0 0 0
1.994e-09 0 0 0
1.995e-09 0 0 0
1.996e-09 0 0 0
1.997e-09 0 0 0
1.998e-09 0 0 0
1.999e-09 0 0 0
