0.000000000000000e+000 -0.000000e+000
1.000000000000000e-012 -0.000000e+000
1.034464001063311e-012 3.754434e-002
1.103392003189934e-012 2.134075e-001
1.241248007443178e-012 1.007733e+000
1.516960015949668e-012 4.194876e+000
2.000000000000000e-012 1.230933e+001
2.048303998405033e-012 1.171953e+001
2.144911995215100e-012 1.287032e+001
2.613568012759734e-012 2.221913e+001
3.000000000000000e-012 2.992563e+001
3.115929596172080e-012 3.196706e+001
3.270502391068187e-012 3.404951e+001
3.579647980860399e-012 3.655617e+001
4.000000000000000e-012 3.810925e+001
4.042035201913960e-012 3.928324e+001
4.126105605741880e-012 3.986792e+001
9.999999999999999e-012 3.965261e+001
1.100000000000000e-011 3.961595e+001
1.200000000000000e-011 3.957930e+001
1.300000000000000e-011 3.954264e+001
2.571428571428572e-011 3.907248e+001
3.842857142857144e-011 3.860148e+001
5.114285714285716e-011 3.812962e+001
6.385714285714288e-011 3.765691e+001
7.657142857142859e-011 3.718334e+001
8.928571428571431e-011 3.670893e+001
1.020000000000000e-010 3.623366e+001
1.030000000000000e-010 3.619638e+001
1.926057142857140e-010 3.314416e+001
2.822114285714280e-010 3.030662e+001
3.718171428571421e-010 2.768376e+001
4.614228571428561e-010 2.527558e+001
5.510285714285701e-010 2.308209e+001
6.406342857142842e-010 2.110328e+001
7.302399999999979e-010 1.933915e+001
7.640971428571411e-010 1.869476e+001
7.979542857142844e-010 1.807060e+001
8.318114285714277e-010 1.746667e+001
8.656685714285709e-010 1.688296e+001
8.995257142857142e-010 1.631947e+001
9.333828571428574e-010 1.577622e+001
9.672400000000007e-010 1.525318e+001
9.682400000000008e-010 1.523836e+001
1.056525714285724e-009 1.397113e+001
1.144811428571447e-009 1.279192e+001
1.233097142857170e-009 1.170074e+001
1.321382857142893e-009 1.069758e+001
1.409668571428616e-009 9.782460e+000
1.497954285714340e-009 8.955364e+000
1.586240000000063e-009 8.216296e+000
1.644097142857207e-009 7.757469e+000
1.701954285714352e-009 7.321225e+000
1.759811428571497e-009 6.907562e+000
1.817668571428642e-009 6.516481e+000
1.875525714285787e-009 6.147982e+000
1.933382857142932e-009 5.802065e+000
1.991240000000076e-009 5.478730e+000
1.992240000000076e-009 5.473068e+000
2.079668571428638e-009 5.022385e+000
2.167097142857200e-009 4.602694e+000
2.254525714285763e-009 4.213994e+000
2.341954285714325e-009 3.856286e+000
2.429382857142887e-009 3.529570e+000
2.516811428571449e-009 3.233845e+000
2.604240000000011e-009 2.969111e+000
2.662954285714291e-009 2.800874e+000
2.721668571428570e-009 2.641125e+000
2.780382857142849e-009 2.489863e+000
2.839097142857129e-009 2.347089e+000
2.897811428571408e-009 2.212802e+000
2.956525714285688e-009 2.087004e+000
3.015239999999967e-009 1.969692e+000
3.016239999999967e-009 1.967729e+000
3.092954285714245e-009 1.824014e+000
3.169668571428522e-009 1.689217e+000
3.246382857142800e-009 1.563338e+000
3.323097142857077e-009 1.446378e+000
3.399811428571355e-009 1.338336e+000
3.476525714285632e-009 1.239212e+000
3.553239999999909e-009 1.149007e+000
3.622668571428492e-009 1.073044e+000
3.692097142857075e-009 1.001413e+000
3.761525714285657e-009 9.341150e-001
3.830954285714239e-009 8.711493e-001
3.900382857142822e-009 8.125159e-001
3.969811428571404e-009 7.582149e-001
4.039239999999987e-009 7.082464e-001
4.040239999999987e-009 7.075493e-001
4.075239999999998e-009 6.832604e-001
4.110240000000009e-009 6.596823e-001
4.145240000000020e-009 6.368150e-001
4.180240000000030e-009 6.146585e-001
4.215240000000041e-009 5.932128e-001
4.250240000000052e-009 5.724780e-001
4.285240000000062e-009 5.524539e-001
4.313525714285786e-009 5.376778e-001
4.341811428571509e-009 5.231363e-001
4.370097142857232e-009 5.088294e-001
4.398382857142954e-009 4.947571e-001
4.426668571428677e-009 4.809194e-001
4.454954285714400e-009 4.673163e-001
4.483240000000123e-009 4.539478e-001
4.508382857142988e-009 4.429884e-001
4.533525714285853e-009 4.321935e-001
4.558668571428718e-009 4.215630e-001
4.583811428571583e-009 4.110971e-001
4.608954285714447e-009 4.007956e-001
4.634097142857313e-009 3.906586e-001
4.659240000000177e-009 3.806861e-001
4.685811428571614e-009 3.710899e-001
4.712382857143050e-009 3.616131e-001
4.738954285714487e-009 3.522557e-001
4.765525714285924e-009 3.430178e-001
4.792097142857361e-009 3.338993e-001
4.818668571428797e-009 3.249002e-001
4.845240000000234e-009 3.160206e-001
4.874668571428814e-009 3.073441e-001
4.904097142857396e-009 2.987568e-001
4.933525714285976e-009 2.902586e-001
4.962954285714556e-009 2.818496e-001
4.992382857143136e-009 2.735298e-001
5.021811428571717e-009 2.652991e-001
5.051240000000297e-009 2.571576e-001
5.064240000000301e-009 2.541256e-001
5.094525714286025e-009 2.469578e-001
5.124811428571749e-009 2.398555e-001
5.155097142857473e-009 2.328188e-001
5.185382857143195e-009 2.258475e-001
5.215668571428919e-009 2.189419e-001
5.245954285714643e-009 2.121017e-001
5.276240000000366e-009 2.053270e-001
5.311954285714663e-009 1.986941e-001
5.347668571428960e-009 1.921088e-001
5.383382857143256e-009 1.855712e-001
5.419097142857553e-009 1.790814e-001
5.454811428571850e-009 1.726392e-001
5.490525714286147e-009 1.662447e-001
5.526240000000443e-009 1.598979e-001
5.566382857143312e-009 1.541996e-001
5.606525714286182e-009 1.485352e-001
5.646668571429051e-009 1.429047e-001
5.686811428571921e-009 1.373081e-001
5.726954285714790e-009 1.317454e-001
5.767097142857660e-009 1.262165e-001
5.807240000000529e-009 1.207215e-001
6.088240000000616e-009 9.154835e-002
6.103382857143477e-009 9.001122e-002
6.118525714286339e-009 8.856564e-002
6.133668571429201e-009 8.721162e-002
6.148811428572063e-009 8.594915e-002
6.163954285714924e-009 8.477823e-002
6.179097142857787e-009 8.369887e-002
6.194240000000648e-009 8.271106e-002
6.514240000000746e-009 5.952502e-002
6.983240000000890e-009 3.723902e-002
7.112240000000930e-009 3.362918e-002
7.180668571429505e-009 3.170582e-002
7.249097142858081e-009 2.978778e-002
7.317525714286657e-009 2.787505e-002
7.385954285715233e-009 2.596763e-002
7.454382857143809e-009 2.406551e-002
7.522811428572383e-009 2.216870e-002
7.591240000000960e-009 2.027720e-002
8.136240000000676e-009 1.288911e-002
8.182954285714938e-009 1.225221e-002
8.229668571429198e-009 1.161757e-002
8.276382857143460e-009 1.098522e-002
8.323097142857722e-009 1.035514e-002
8.369811428571984e-009 9.727347e-003
8.416525714286244e-009 9.101825e-003
8.463240000000506e-009 8.478582e-003
9.160240000000143e-009 5.488457e-003
1.002623999999969e-008 1.775462e-003
1.018423999999961e-008 1.631309e-003
1.120823999999908e-008 7.017532e-004
1.197923999999868e-008 1.864674e-006
1.198023999999868e-008 1.014313e-006
1.198123999999868e-008 3.787917e-007
1.198223999999868e-008 7.390609e-008
1.198323999999867e-008 3.174691e-009
1.198423999999867e-008 -0.000000e+000
1.223223999999855e-008 -0.000000e+000
1.325623999999801e-008 -0.000000e+000
1.428023999999748e-008 -0.000000e+000
1.530423999999761e-008 -0.000000e+000
1.632823999999878e-008 -0.000000e+000
1.735223999999994e-008 -0.000000e+000
1.837624000000110e-008 -0.000000e+000
1.940024000000226e-008 -0.000000e+000
2.042424000000342e-008 -0.000000e+000
2.144824000000458e-008 -0.000000e+000
2.247224000000574e-008 -0.000000e+000
2.349624000000690e-008 -0.000000e+000
2.452024000000806e-008 -0.000000e+000
2.554424000000923e-008 -0.000000e+000
2.656824000001039e-008 -0.000000e+000
2.759224000001155e-008 -0.000000e+000
2.861624000001271e-008 -0.000000e+000
2.964024000001387e-008 -0.000000e+000
3.066424000001503e-008 -0.000000e+000
3.168824000001619e-008 -0.000000e+000
3.271224000001735e-008 -0.000000e+000
3.373624000001851e-008 -0.000000e+000
3.476024000001967e-008 -0.000000e+000
3.578424000002083e-008 -0.000000e+000
3.680824000002200e-008 -0.000000e+000
3.783224000002316e-008 -0.000000e+000
3.885624000002432e-008 -0.000000e+000
3.988024000002548e-008 -0.000000e+000
4.090424000002664e-008 -0.000000e+000
4.192824000002780e-008 -0.000000e+000
4.295224000002896e-008 -0.000000e+000
4.397624000003012e-008 -0.000000e+000
4.500024000003128e-008 -0.000000e+000
4.602424000003245e-008 -0.000000e+000
4.704824000003361e-008 -0.000000e+000
4.807224000003477e-008 -0.000000e+000
4.909624000003593e-008 -0.000000e+000
5.012024000003709e-008 -0.000000e+000
5.114424000003825e-008 -0.000000e+000
5.216824000003941e-008 -0.000000e+000
5.319224000004057e-008 -0.000000e+000
5.421624000004173e-008 -0.000000e+000
5.524024000004290e-008 -0.000000e+000
5.626424000004406e-008 -0.000000e+000
5.728824000004522e-008 -0.000000e+000
5.831224000004638e-008 -0.000000e+000
5.933624000004754e-008 -0.000000e+000
6.036024000004869e-008 -0.000000e+000
6.138424000004986e-008 -0.000000e+000
6.240824000005102e-008 -0.000000e+000
6.343224000005218e-008 -0.000000e+000
6.445624000005334e-008 -0.000000e+000
6.548024000005450e-008 -0.000000e+000
6.650424000005566e-008 -0.000000e+000
6.752824000005682e-008 -0.000000e+000
6.855224000005798e-008 -0.000000e+000
6.957624000005914e-008 -0.000000e+000
7.060024000006031e-008 -0.000000e+000
7.162424000006147e-008 -0.000000e+000
7.264824000006263e-008 -0.000000e+000
7.367224000006379e-008 -0.000000e+000
7.469624000006495e-008 -0.000000e+000
7.572024000006611e-008 -0.000000e+000
7.674424000006727e-008 -0.000000e+000
7.776824000006843e-008 -0.000000e+000
7.879224000006959e-008 -0.000000e+000
7.981624000007076e-008 -0.000000e+000
8.084024000007192e-008 -0.000000e+000
8.186424000007308e-008 -0.000000e+000
8.288824000007424e-008 -0.000000e+000
8.391224000007540e-008 -0.000000e+000
8.493624000007656e-008 -0.000000e+000
8.596024000007772e-008 -0.000000e+000
8.698424000007888e-008 -0.000000e+000
8.800824000008005e-008 -0.000000e+000
8.903224000008121e-008 -0.000000e+000
9.005624000008237e-008 -0.000000e+000
9.108024000008353e-008 -0.000000e+000
9.210424000008469e-008 -0.000000e+000
9.312824000008585e-008 -0.000000e+000
9.415224000008701e-008 -0.000000e+000
9.517624000008817e-008 -0.000000e+000
9.620024000008933e-008 -0.000000e+000
9.722424000009050e-008 -0.000000e+000
9.824824000009166e-008 -0.000000e+000
9.927224000009282e-008 -0.000000e+000
1.002962400000940e-007 -0.000000e+000
1.013202400000951e-007 -0.000000e+000
1.023442400000963e-007 -0.000000e+000
1.033682400000975e-007 -0.000000e+000
1.043922400000986e-007 -0.000000e+000
1.054162400000998e-007 -0.000000e+000
1.064402400001010e-007 -0.000000e+000
1.074642400001021e-007 -0.000000e+000
1.084882400001033e-007 -0.000000e+000
1.095122400001044e-007 -0.000000e+000
1.105362400001056e-007 -0.000000e+000
1.115602400001068e-007 -0.000000e+000
1.125842400001079e-007 -0.000000e+000
1.136082400001091e-007 -0.000000e+000
1.146322400001102e-007 -0.000000e+000
1.156562400001114e-007 -0.000000e+000
1.166802400001126e-007 -0.000000e+000
1.177042400001137e-007 -0.000000e+000
1.187282400001149e-007 -0.000000e+000
1.197522400001160e-007 -0.000000e+000
1.207762400001172e-007 -0.000000e+000
1.218002400001184e-007 -0.000000e+000
1.228242400001195e-007 -0.000000e+000
1.238482400001207e-007 -0.000000e+000
1.248722400001219e-007 -0.000000e+000
1.258962400001230e-007 -0.000000e+000
1.269202400001242e-007 -0.000000e+000
1.279442400001253e-007 -0.000000e+000
1.289682400001265e-007 -0.000000e+000
1.299922400001277e-007 -0.000000e+000
1.310162400001288e-007 -0.000000e+000
1.320402400001300e-007 -0.000000e+000
1.330642400001311e-007 -0.000000e+000
1.340882400001323e-007 -0.000000e+000
1.351122400001335e-007 -0.000000e+000
1.361362400001346e-007 -0.000000e+000
1.371602400001358e-007 -0.000000e+000
1.381842400001369e-007 -0.000000e+000
1.392082400001381e-007 -0.000000e+000
1.402322400001393e-007 -0.000000e+000
1.412562400001404e-007 -0.000000e+000
1.422802400001416e-007 -0.000000e+000
1.433042400001428e-007 -0.000000e+000
1.443282400001439e-007 -0.000000e+000
1.453522400001451e-007 -0.000000e+000
1.463762400001462e-007 -0.000000e+000
1.474002400001474e-007 -0.000000e+000
1.484242400001486e-007 -0.000000e+000
1.494482400001497e-007 -0.000000e+000
1.504722400001509e-007 -0.000000e+000
1.514962400001520e-007 -0.000000e+000
1.525202400001532e-007 -0.000000e+000
1.535442400001544e-007 -0.000000e+000
1.545682400001555e-007 -0.000000e+000
1.555922400001567e-007 -0.000000e+000
1.566162400001578e-007 -0.000000e+000
1.576402400001590e-007 -0.000000e+000
1.586642400001602e-007 -0.000000e+000
1.596882400001613e-007 -0.000000e+000
1.607122400001625e-007 -0.000000e+000
1.617362400001637e-007 -0.000000e+000
1.627602400001648e-007 -0.000000e+000
1.637842400001660e-007 -0.000000e+000
1.648082400001671e-007 -0.000000e+000
1.658322400001683e-007 -0.000000e+000
1.668562400001695e-007 -0.000000e+000
1.678802400001706e-007 -0.000000e+000
1.689042400001718e-007 -0.000000e+000
1.699282400001729e-007 -0.000000e+000
1.709522400001741e-007 -0.000000e+000
1.719762400001753e-007 -0.000000e+000
1.730002400001764e-007 -0.000000e+000
1.740242400001776e-007 -0.000000e+000
1.750482400001787e-007 -0.000000e+000
1.760722400001799e-007 -0.000000e+000
1.770962400001811e-007 -0.000000e+000
1.781202400001822e-007 -0.000000e+000
1.791442400001834e-007 -0.000000e+000
1.801682400001846e-007 -0.000000e+000
1.811922400001857e-007 -0.000000e+000
1.822162400001869e-007 -0.000000e+000
1.832402400001880e-007 -0.000000e+000
1.842642400001892e-007 -0.000000e+000
1.852882400001904e-007 -0.000000e+000
1.863122400001915e-007 -0.000000e+000
1.873362400001927e-007 -0.000000e+000
1.883602400001938e-007 -0.000000e+000
1.893842400001950e-007 -0.000000e+000
1.904082400001962e-007 -0.000000e+000
1.914322400001973e-007 -0.000000e+000
1.924562400001985e-007 -0.000000e+000
1.934802400001996e-007 -0.000000e+000
1.945042400002008e-007 -0.000000e+000
1.955282400002020e-007 -0.000000e+000
1.965522400002031e-007 -0.000000e+000
1.975762400002043e-007 -0.000000e+000
1.986002400002055e-007 -0.000000e+000
1.996242400002066e-007 -0.000000e+000
2.006482400002078e-007 -0.000000e+000
2.016722400002089e-007 -0.000000e+000
2.026962400002101e-007 -0.000000e+000
2.037202400002113e-007 -0.000000e+000
2.047442400002124e-007 -0.000000e+000
2.057682400002136e-007 -0.000000e+000
2.067922400002147e-007 -0.000000e+000
2.078162400002159e-007 -0.000000e+000
2.088402400002171e-007 -0.000000e+000
2.098642400002182e-007 -0.000000e+000
2.108882400002194e-007 -0.000000e+000
2.119122400002205e-007 -0.000000e+000
2.129362400002217e-007 -0.000000e+000
2.139602400002229e-007 -0.000000e+000
2.149842400002240e-007 -0.000000e+000
2.160082400002252e-007 -0.000000e+000
2.170322400002264e-007 -0.000000e+000
2.180562400002275e-007 -0.000000e+000
2.190802400002287e-007 -0.000000e+000
2.201042400002298e-007 -0.000000e+000
2.211282400002310e-007 -0.000000e+000
2.221522400002322e-007 -0.000000e+000
2.231762400002333e-007 -0.000000e+000
2.242002400002345e-007 -0.000000e+000
2.252242400002356e-007 -0.000000e+000
2.262482400002368e-007 -0.000000e+000
2.272722400002380e-007 -0.000000e+000
2.282962400002391e-007 -0.000000e+000
2.293202400002403e-007 -0.000000e+000
2.303442400002414e-007 -0.000000e+000
2.313682400002426e-007 -0.000000e+000
2.323922400002438e-007 -0.000000e+000
2.334162400002449e-007 -0.000000e+000
2.344402400002461e-007 -0.000000e+000
2.354642400002473e-007 -0.000000e+000
2.364882400002484e-007 -0.000000e+000
2.375122400002496e-007 -0.000000e+000
2.385362400002476e-007 -0.000000e+000
2.395602400002217e-007 -0.000000e+000
2.405842400001958e-007 -0.000000e+000
2.416082400001698e-007 -0.000000e+000
2.426322400001439e-007 -0.000000e+000
2.436562400001179e-007 -0.000000e+000
2.446802400000920e-007 -0.000000e+000
2.457042400000660e-007 -0.000000e+000
2.467282400000401e-007 -0.000000e+000
2.477522400000141e-007 -0.000000e+000
2.487762399999882e-007 -0.000000e+000
2.498002399999623e-007 -0.000000e+000
2.508242399999363e-007 -0.000000e+000
2.518482399999104e-007 -0.000000e+000
2.528722399998844e-007 -0.000000e+000
2.538962399998585e-007 -0.000000e+000
2.549202399998325e-007 -0.000000e+000
2.559442399998066e-007 -0.000000e+000
2.569682399997806e-007 -0.000000e+000
2.579922399997547e-007 -0.000000e+000
2.590162399997288e-007 -0.000000e+000
2.600402399997028e-007 -0.000000e+000
2.610642399996769e-007 -0.000000e+000
2.620882399996509e-007 -0.000000e+000
2.631122399996250e-007 -0.000000e+000
2.641362399995990e-007 -0.000000e+000
2.651602399995731e-007 -0.000000e+000
2.661842399995472e-007 -0.000000e+000
2.672082399995212e-007 -0.000000e+000
2.682322399994953e-007 -0.000000e+000
2.692562399994693e-007 -0.000000e+000
2.702802399994434e-007 -0.000000e+000
2.713042399994174e-007 -0.000000e+000
2.723282399993915e-007 -0.000000e+000
2.733522399993655e-007 -0.000000e+000
2.743762399993396e-007 -0.000000e+000
2.754002399993137e-007 -0.000000e+000
2.764242399992877e-007 -0.000000e+000
2.774482399992618e-007 -0.000000e+000
2.784722399992358e-007 -0.000000e+000
2.794962399992099e-007 -0.000000e+000
2.805202399991839e-007 -0.000000e+000
2.815442399991580e-007 -0.000000e+000
2.825682399991321e-007 -0.000000e+000
2.835922399991061e-007 -0.000000e+000
2.846162399990802e-007 -0.000000e+000
2.856402399990542e-007 -0.000000e+000
2.866642399990283e-007 -0.000000e+000
2.876882399990023e-007 -0.000000e+000
2.887122399989764e-007 -0.000000e+000
2.897362399989504e-007 -0.000000e+000
2.907602399989245e-007 -0.000000e+000
2.917842399988986e-007 -0.000000e+000
2.928082399988726e-007 -0.000000e+000
2.938322399988467e-007 -0.000000e+000
2.948562399988207e-007 -0.000000e+000
2.958802399987948e-007 -0.000000e+000
2.969042399987688e-007 -0.000000e+000
2.979282399987429e-007 -0.000000e+000
2.989522399987169e-007 -0.000000e+000
2.999762399986910e-007 -0.000000e+000
3.010002399986651e-007 -0.000000e+000
3.020242399986391e-007 -0.000000e+000
3.030482399986132e-007 -0.000000e+000
3.040722399985872e-007 -0.000000e+000
3.050962399985613e-007 -0.000000e+000
3.061202399985353e-007 -0.000000e+000
3.071442399985094e-007 -0.000000e+000
3.081682399984835e-007 -0.000000e+000
3.091922399984575e-007 -0.000000e+000
3.102162399984316e-007 -0.000000e+000
3.112402399984056e-007 -0.000000e+000
3.122642399983797e-007 -0.000000e+000
3.132882399983537e-007 -0.000000e+000
3.143122399983278e-007 -0.000000e+000
3.153362399983018e-007 -0.000000e+000
3.163602399982759e-007 -0.000000e+000
3.173842399982500e-007 -0.000000e+000
3.184082399982240e-007 -0.000000e+000
3.194322399981981e-007 -0.000000e+000
3.204562399981721e-007 -0.000000e+000
3.214802399981462e-007 -0.000000e+000
3.225042399981202e-007 -0.000000e+000
3.235282399980943e-007 -0.000000e+000
3.245522399980684e-007 -0.000000e+000
3.255762399980424e-007 -0.000000e+000
3.266002399980165e-007 -0.000000e+000
3.276242399979905e-007 -0.000000e+000
3.286482399979646e-007 -0.000000e+000
3.296722399979386e-007 -0.000000e+000
3.306962399979127e-007 -0.000000e+000
3.317202399978867e-007 -0.000000e+000
3.327442399978608e-007 -0.000000e+000
3.337682399978349e-007 -0.000000e+000
3.347922399978089e-007 -0.000000e+000
3.358162399977830e-007 -0.000000e+000
3.368402399977570e-007 -0.000000e+000
3.378642399977311e-007 -0.000000e+000
3.388882399977051e-007 -0.000000e+000
3.399122399976792e-007 -0.000000e+000
3.409362399976532e-007 -0.000000e+000
3.419602399976273e-007 -0.000000e+000
3.429842399976014e-007 -0.000000e+000
3.440082399975754e-007 -0.000000e+000
3.450322399975495e-007 -0.000000e+000
3.460562399975235e-007 -0.000000e+000
3.470802399974976e-007 -0.000000e+000
3.481042399974716e-007 -0.000000e+000
3.491282399974457e-007 -0.000000e+000
3.501522399974198e-007 -0.000000e+000
3.511762399973938e-007 -0.000000e+000
3.522002399973679e-007 -0.000000e+000
3.532242399973419e-007 -0.000000e+000
3.542482399973160e-007 -0.000000e+000
3.552722399972900e-007 -0.000000e+000
3.562962399972641e-007 -0.000000e+000
3.573202399972381e-007 -0.000000e+000
3.583442399972122e-007 -0.000000e+000
3.593682399971863e-007 -0.000000e+000
3.603922399971603e-007 -0.000000e+000
3.614162399971344e-007 -0.000000e+000
3.624402399971084e-007 -0.000000e+000
3.634642399970825e-007 -0.000000e+000
3.644882399970565e-007 -0.000000e+000
3.655122399970306e-007 -0.000000e+000
3.665362399970046e-007 -0.000000e+000
3.675602399969787e-007 -0.000000e+000
3.685842399969528e-007 -0.000000e+000
3.696082399969268e-007 -0.000000e+000
3.706322399969009e-007 -0.000000e+000
3.716562399968749e-007 -0.000000e+000
3.726802399968490e-007 -0.000000e+000
3.737042399968230e-007 -0.000000e+000
3.747282399967971e-007 -0.000000e+000
3.757522399967712e-007 -0.000000e+000
3.767762399967452e-007 -0.000000e+000
3.778002399967193e-007 -0.000000e+000
3.788242399966933e-007 -0.000000e+000
3.798482399966674e-007 -0.000000e+000
3.808722399966414e-007 -0.000000e+000
3.818962399966155e-007 -0.000000e+000
3.829202399965895e-007 -0.000000e+000
3.839442399965636e-007 -0.000000e+000
3.849682399965377e-007 -0.000000e+000
3.859922399965117e-007 -0.000000e+000
3.870162399964858e-007 -0.000000e+000
3.880402399964598e-007 -0.000000e+000
3.890642399964339e-007 -0.000000e+000
3.900882399964079e-007 -0.000000e+000
3.911122399963820e-007 -0.000000e+000
3.921362399963561e-007 -0.000000e+000
3.931602399963301e-007 -0.000000e+000
3.941842399963042e-007 -0.000000e+000
3.952082399962782e-007 -0.000000e+000
3.962322399962523e-007 -0.000000e+000
3.972562399962263e-007 -0.000000e+000
3.982802399962004e-007 -0.000000e+000
3.993042399961744e-007 -0.000000e+000
4.003282399961485e-007 -0.000000e+000
4.013522399961226e-007 -0.000000e+000
4.023762399960966e-007 -0.000000e+000
4.034002399960707e-007 -0.000000e+000
4.044242399960447e-007 -0.000000e+000
4.054482399960188e-007 -0.000000e+000
4.064722399959928e-007 -0.000000e+000
4.074962399959669e-007 -0.000000e+000
4.085202399959409e-007 -0.000000e+000
4.095442399959150e-007 -0.000000e+000
4.105682399958891e-007 -0.000000e+000
4.115922399958631e-007 -0.000000e+000
4.126162399958372e-007 -0.000000e+000
4.136402399958112e-007 -0.000000e+000
4.146642399957853e-007 -0.000000e+000
4.156882399957593e-007 -0.000000e+000
4.167122399957334e-007 -0.000000e+000
4.177362399957075e-007 -0.000000e+000
4.187602399956815e-007 -0.000000e+000
4.197842399956556e-007 -0.000000e+000
4.208082399956296e-007 -0.000000e+000
4.218322399956037e-007 -0.000000e+000
4.228562399955777e-007 -0.000000e+000
4.238802399955518e-007 -0.000000e+000
4.249042399955258e-007 -0.000000e+000
4.259282399954999e-007 -0.000000e+000
4.269522399954740e-007 -0.000000e+000
4.279762399954480e-007 -0.000000e+000
4.290002399954221e-007 -0.000000e+000
4.300242399953961e-007 -0.000000e+000
4.310482399953702e-007 -0.000000e+000
4.320722399953442e-007 -0.000000e+000
4.330962399953183e-007 -0.000000e+000
4.341202399952924e-007 -0.000000e+000
4.351442399952664e-007 -0.000000e+000
4.361682399952405e-007 -0.000000e+000
4.371922399952145e-007 -0.000000e+000
4.382162399951886e-007 -0.000000e+000
4.392402399951626e-007 -0.000000e+000
4.402642399951367e-007 -0.000000e+000
4.412882399951107e-007 -0.000000e+000
4.423122399950848e-007 -0.000000e+000
4.433362399950589e-007 -0.000000e+000
4.443602399950329e-007 -0.000000e+000
4.453842399950070e-007 -0.000000e+000
4.464082399949810e-007 -0.000000e+000
4.474322399949551e-007 -0.000000e+000
4.484562399949291e-007 -0.000000e+000
4.494802399949032e-007 -0.000000e+000
4.505042399948772e-007 -0.000000e+000
4.515282399948513e-007 -0.000000e+000
4.525522399948254e-007 -0.000000e+000
4.535762399947994e-007 -0.000000e+000
4.546002399947735e-007 -0.000000e+000
4.556242399947475e-007 -0.000000e+000
4.566482399947216e-007 -0.000000e+000
4.576722399946956e-007 -0.000000e+000
4.586962399946697e-007 -0.000000e+000
4.597202399946438e-007 -0.000000e+000
4.607442399946178e-007 -0.000000e+000
4.617682399945919e-007 -0.000000e+000
4.627922399945659e-007 -0.000000e+000
4.638162399945400e-007 -0.000000e+000
4.648402399945140e-007 -0.000000e+000
4.658642399944881e-007 -0.000000e+000
4.668882399944621e-007 -0.000000e+000
4.679122399944362e-007 -0.000000e+000
4.689362399944103e-007 -0.000000e+000
4.699602399943843e-007 -0.000000e+000
4.709842399943584e-007 -0.000000e+000
4.720082399943324e-007 -0.000000e+000
4.730322399943065e-007 -0.000000e+000
4.740562399942805e-007 -0.000000e+000
4.750802399942546e-007 -0.000000e+000
4.761042399942286e-007 -0.000000e+000
4.771282399942182e-007 -0.000000e+000
4.781522399942464e-007 -0.000000e+000
4.791762399942747e-007 -0.000000e+000
4.802002399943030e-007 -0.000000e+000
4.812242399943312e-007 -0.000000e+000
4.822482399943595e-007 -0.000000e+000
4.832722399943878e-007 -0.000000e+000
4.842962399944160e-007 -0.000000e+000
4.853202399944443e-007 -0.000000e+000
4.863442399944726e-007 -0.000000e+000
4.873682399945008e-007 -0.000000e+000
4.883922399945291e-007 -0.000000e+000
4.894162399945574e-007 -0.000000e+000
4.904402399945856e-007 -0.000000e+000
4.914642399946139e-007 -0.000000e+000
4.924882399946422e-007 -0.000000e+000
4.935122399946704e-007 -0.000000e+000
4.945362399946987e-007 -0.000000e+000
4.955602399947270e-007 -0.000000e+000
4.965842399947552e-007 -0.000000e+000
4.976082399947835e-007 -0.000000e+000
4.986322399948118e-007 -0.000000e+000
4.996562399948400e-007 -0.000000e+000
4.999992399948495e-007 -0.000000e+000
5.000000000000000e-007 -0.000000e+000
