4.999999E-14 7.51515E-07
1.500000E-13 2.25455E-06
2.339828E-13 3.51683E-06
3.178200E-13 4.77693E-06
4.171325E-13 6.26963E-06
5.282469E-13 7.93971E-06
6.484032E-13 9.7457E-06
7.515190E-13 1.12956E-05
8.515448E-13 1.2799E-05
9.257724E-13 1.39146E-05
9.628862E-13 1.44725E-05
1.000000E-12 1.50303E-05
1.050000E-12 1.50302E-05
1.100000E-12 1.503E-05
1.182289E-12 1.50298E-05
1.261580E-12 1.50296E-05
1.352015E-12 1.50294E-05
1.485748E-12 1.5029E-05
1.612694E-12 1.50287E-05
1.714034E-12 1.50284E-05
1.811819E-12 1.50282E-05
1.911826E-12 1.50279E-05
2.000000E-12 1.50277E-05
2.088871E-12 1.50311E-05
2.210306E-12 1.50358E-05
2.326605E-12 1.50402E-05
2.559204E-12 1.50491E-05
2.754169E-12 1.50566E-05
2.964018E-12 1.50646E-05
3.253100E-12 1.50727E-05
3.720374E-12 1.50849E-05
4.000000E-12 1.50923E-05
4.462689E-12 1.50861E-05
5.388066E-12 1.50762E-05
6.336051E-12 1.50716E-05
7.000000E-12 1.50709E-05
8.000000E-12 1.51258E-05
9.000000E-12 1.5125E-05
9.976424E-12 1.51293E-05
1.144259E-11 1.51441E-05
1.377106E-11 1.52077E-05
1.696397E-11 1.53164E-05
2.061207E-11 1.53964E-05
2.428874E-11 1.55445E-05
2.780875E-11 1.56856E-05
3.250609E-11 1.58832E-05
4.190077E-11 1.62845E-05
4.300000E-11 1.63789E-05
4.400000E-11 1.63772E-05
4.500000E-11 1.64913E-05
4.590223E-11 1.648E-05
4.600000E-11 1.64788E-05
4.619555E-11 1.64949E-05
4.658664E-11 1.65271E-05
4.736882E-11 1.65703E-05
4.828387E-11 1.6604E-05
4.939803E-11 1.66712E-05
5.088421E-11 1.67384E-05
5.332823E-11 1.68553E-05
5.801782E-11 1.70461E-05
6.100000E-11 1.71959E-05
6.200000E-11 1.71902E-05
6.381002E-11 1.72656E-05
6.558082E-11 1.73315E-05
6.746233E-11 1.73865E-05
7.100000E-11 1.74888E-05
7.200000E-11 1.7486E-05
7.300000E-11 1.75797E-05
7.400000E-11 1.75718E-05
7.489072E-11 1.76016E-05
7.500000E-11 1.76052E-05
7.521856E-11 1.7598E-05
7.565567E-11 1.75836E-05
7.600000E-11 1.75723E-05
7.668866E-11 1.75888E-05
7.747794E-11 1.75965E-05
7.800000E-11 1.75968E-05
7.904411E-11 1.75615E-05
7.926457E-11 1.73999E-05
7.967033E-11 1.71027E-05
8.002366E-11 1.68114E-05
8.014548E-11 1.65555E-05
8.029495E-11 1.62415E-05
8.057426E-11 1.56548E-05
8.102874E-11 1.46384E-05
8.110604E-11 1.431E-05
8.126064E-11 1.36532E-05
8.152196E-11 1.2543E-05
8.180628E-11 1.13351E-05
8.208191E-11 1.0242E-05
8.232102E-11 9.45337E-06
8.255534E-11 8.68057E-06
8.286717E-11 7.65214E-06
8.303562E-11 7.19133E-06
8.312180E-11 7.13628E-06
8.320798E-11 7.08123E-06
8.338034E-11 6.97114E-06
8.357746E-11 6.84523E-06
8.388962E-11 6.64583E-06
8.411326E-11 6.55799E-06
8.434510E-11 6.5225E-06
8.466811E-11 6.47305E-06
8.531411E-11 6.37775E-06
8.609940E-11 6.26961E-06
8.697729E-11 6.17263E-06
8.819845E-11 6.06365E-06
9.064075E-11 5.86769E-06
9.300000E-11 5.78634E-06
9.400000E-11 5.78728E-06
9.600000E-11 5.71302E-06
9.700000E-11 5.71069E-06
9.800000E-11 5.72922E-06
1.000000E-10 5.68375E-06
1.015050E-10 5.61025E-06
1.040000E-10 5.51765E-06
1.060000E-10 5.53513E-06
1.081041E-10 5.47206E-06
1.099326E-10 5.4416E-06
1.110000E-10 5.4019E-06
1.120000E-10 5.42298E-06
1.133558E-10 5.39526E-06
1.146406E-10 5.36294E-06
1.166976E-10 5.29019E-06
1.190000E-10 5.20318E-06
1.200000E-10 5.21679E-06
1.210000E-10 5.17001E-06
1.222920E-10 5.19704E-06
1.234345E-10 5.22106E-06
1.240000E-10 5.22107E-06
1.250000E-10 5.1846E-06
1.260000E-10 5.20134E-06
1.269857E-10 5.17992E-06
1.281684E-10 5.14411E-06
1.290000E-10 5.11115E-06
1.300000E-10 5.11353E-06
1.313272E-10 5.08014E-06
1.326765E-10 5.04075E-06
1.340000E-10 5.02967E-06
1.350000E-10 5.03001E-06
1.360000E-10 4.99131E-06
1.370000E-10 5.00205E-06
1.381482E-10 4.99267E-06
1.395547E-10 4.97306E-06
1.423676E-10 4.95105E-06
1.440000E-10 4.9351E-06
1.450000E-10 4.93977E-06
1.460000E-10 4.90459E-06
1.470000E-10 4.93264E-06
1.480000E-10 4.91463E-06
1.490000E-10 4.92939E-06
1.500000E-10 4.9216E-06
1.510000E-10 4.93595E-06
1.525258E-10 4.88422E-06
1.539777E-10 4.85283E-06
1.550000E-10 4.82048E-06
1.560000E-10 4.82805E-06
1.570000E-10 4.80936E-06
1.580000E-10 4.81123E-06
1.590000E-10 4.79476E-06
1.600000E-10 4.80014E-06
1.610000E-10 4.78672E-06
1.625485E-10 4.81245E-06
1.630000E-10 4.81937E-06
1.639030E-10 4.81393E-06
1.655967E-10 4.7919E-06
1.670000E-10 4.77449E-06
1.680000E-10 4.78492E-06
1.698417E-10 4.76547E-06
1.710000E-10 4.76024E-06
1.720000E-10 4.76026E-06
1.730000E-10 4.73922E-06
1.746827E-10 4.74966E-06
1.763604E-10 4.76942E-06
1.770000E-10 4.79204E-06
1.782793E-10 4.67103E-06
1.787521E-10 4.54081E-06
1.792249E-10 4.21587E-06
1.797656E-10 3.59873E-06
1.801934E-10 3.06267E-06
1.807475E-10 2.29329E-06
1.810332E-10 1.91976E-06
1.813038E-10 1.73265E-06
1.815185E-10 1.58418E-06
1.818918E-10 1.32605E-06
1.823313E-10 1.15269E-06
1.828179E-10 1.00799E-06
1.834802E-10 8.83066E-07
1.843294E-10 7.7632E-07
1.852310E-10 7.05971E-07
1.863534E-10 6.54858E-07
1.879387E-10 5.85106E-07
1.896364E-10 5.34089E-07
1.930319E-10 4.52979E-07
1.974374E-10 4.10861E-07
1.980000E-10 3.95337E-07
1.991252E-10 4.06529E-07
2.000000E-10 4.12294E-07
2.010000E-10 3.81765E-07
2.020000E-10 3.96127E-07
2.031509E-10 3.63829E-07
2.044082E-10 3.5002E-07
2.059537E-10 3.19702E-07
2.060000E-10 3.18284E-07
2.060925E-10 3.18864E-07
2.062776E-10 3.20023E-07
2.066478E-10 3.22343E-07
2.070000E-10 3.24549E-07
2.077043E-10 3.12986E-07
2.087266E-10 2.96113E-07
2.090000E-10 2.91592E-07
2.095467E-10 2.94321E-07
2.100000E-10 2.96583E-07
2.109066E-10 2.77999E-07
2.120000E-10 2.72302E-07
2.130000E-10 2.74566E-07
2.150000E-10 2.52744E-07
2.170000E-10 2.11809E-07
2.180000E-10 2.15623E-07
2.198691E-10 1.82694E-07
2.200000E-10 1.79595E-07
2.202617E-10 1.80457E-07
2.207852E-10 1.82181E-07
2.210000E-10 1.82888E-07
2.214296E-10 1.80133E-07
2.222889E-10 1.75317E-07
2.240000E-10 1.674E-07
2.250000E-10 1.81442E-07
2.260000E-10 1.60734E-07
2.274859E-10 1.69087E-07
2.280000E-10 1.74057E-07
2.290283E-10 1.64378E-07
2.308635E-10 1.44335E-07
2.320000E-10 1.18142E-07
2.330000E-10 1.32623E-07
2.345444E-10 1.15927E-07
2.350000E-10 1.03588E-07
2.359112E-10 1.07373E-07
2.360000E-10 1.07742E-07
2.361777E-10 1.05446E-07
2.365330E-10 1.00854E-07
2.372436E-10 9.09665E-08
2.386650E-10 7.21456E-08
2.407957E-10 5.84728E-08
2.410000E-10 5.60596E-08
2.414086E-10 5.6287E-08
2.420000E-10 5.6616E-08
2.430000E-10 4.43176E-08
2.440000E-10 4.47857E-08
2.450000E-10 3.33274E-08
2.468512E-10 4.56127E-08
2.470000E-10 4.68372E-08
2.472975E-10 4.26657E-08
2.478926E-10 3.43228E-08
2.480000E-10 3.28172E-08
2.482148E-10 3.51761E-08
2.486443E-10 3.98938E-08
2.495034E-10 4.46745E-08
2.500000E-10 4.55369E-08
2.509931E-10 4.07299E-08
2.520000E-10 3.36549E-08
2.530000E-10 3.37572E-08
2.540000E-10 2.25185E-08
2.559684E-10 2.6986E-08
2.560000E-10 2.70538E-08
2.560632E-10 2.66128E-08
2.561895E-10 2.57307E-08
2.564421E-10 2.39666E-08
2.569474E-10 2.04385E-08
2.570000E-10 2.00715E-08
2.571051E-10 2.03102E-08
2.573153E-10 2.07877E-08
2.577358E-10 2.17427E-08
2.585767E-10 2.42931E-08
2.590000E-10 2.57244E-08
2.598465E-10 2.24384E-08
2.610000E-10 1.6051E-08
2.620000E-10 1.61348E-08
2.630000E-10 1.49651E-08
2.650000E-10 2.99446E-08
2.680000E-10 1.3154E-08
2.690000E-10 1.85706E-08
2.710000E-10 1.73708E-08
2.730000E-10 2.15418E-08
2.740000E-10 2.01971E-08
2.760000E-10 2.19118E-08
2.790000E-10 9.92909E-09
2.820000E-10 1.66815E-08
2.830000E-10 1.1773E-08
2.850000E-10 1.8946E-08
2.870000E-10 6.7026E-09
2.880000E-10 1.54946E-08
2.890000E-10 1.17452E-08
2.900000E-10 1.30026E-08
2.910000E-10 1.11972E-08
2.930000E-10 1.23839E-08
2.940000E-10 1.03948E-08
2.950000E-10 1.10622E-08
2.970000E-10 1.03731E-08
2.980000E-10 1.04745E-08
2.990000E-10 7.9165E-09
3.000000E-10 8.2998E-09
3.010000E-10 7.9547E-09
3.020000E-10 1.08244E-08
3.040000E-10 5.42852E-09
3.050000E-10 1.05426E-08
3.060000E-10 4.4687E-09
3.070000E-10 1.17219E-08
3.088037E-10 6.99521E-09
3.100000E-10 4.3264E-09
3.120000E-10 8.68572E-09
3.130000E-10 3.50036E-09
3.140000E-10 7.44541E-09
3.150000E-10 5.89878E-09
3.170000E-10 7.91301E-09
3.180000E-10 5.05703E-09
3.200000E-10 7.61802E-09
3.220000E-10 3.51796E-09
3.230000E-10 8.06161E-09
3.240000E-10 3.12979E-09
3.250000E-10 4.75847E-09
3.260000E-10 1.02903E-09
3.270000E-10 5.47676E-09
3.280000E-10 4.6742E-09
3.290000E-10 6.703E-09
3.310000E-10 5.88244E-09
3.320000E-10 3.92492E-09
3.330000E-10 5.42538E-09
3.340000E-10 4.31317E-09
3.350000E-10 5.8767E-09
3.370000E-10 2.34885E-09
3.380000E-10 3.60566E-09
3.400000E-10 9.26678E-10
3.410000E-10 2.45136E-09
3.420000E-10 2.13324E-09
3.440000E-10 4.8695E-09
3.450000E-10 2.36121E-09
3.470000E-10 5.82604E-09
3.480000E-10 -3.0496E-10
3.500000E-10 4.00172E-09
3.529902E-10 1.35741E-09
3.550000E-10 -3.20755E-09
3.560000E-10 1.37282E-09
3.570000E-10 1.30131E-09
3.580000E-10 3.2855E-09
3.590000E-10 3.04123E-09
3.610000E-10 3.23412E-09
3.640000E-10 6.24354E-10
3.650000E-10 2.07724E-09
3.660000E-10 9.20273E-10
3.680000E-10 3.0277E-09
3.690000E-10 6.69033E-10
3.700000E-10 2.50901E-09
3.710000E-10 6.8475E-10
3.730000E-10 2.96141E-09
3.740000E-10 6.26133E-10
3.750000E-10 4.22667E-09
3.770000E-10 4.2227E-10
3.780000E-10 1.99127E-09
3.790000E-10 1.30057E-09
3.800000E-10 0