2e-09 0.000704111
2.05e-09 0.000955573
2.1e-09 0.00135763
2.15e-09 0.00155739
2.2e-09 -0.00079668
2.25e-09 -0.0119101
2.3e-09 -0.0340171
2.35e-09 -0.0561994
2.4e-09 -0.0664847
2.45e-09 -0.0670349
2.5e-09 -0.0666696
2.55e-09 -0.0678299
2.6e-09 -0.0673436
2.65e-09 -0.0636345
2.7e-09 -0.0587285
2.75e-09 -0.0548547
2.8e-09 -0.0515836
2.85e-09 -0.0472474
2.9e-09 -0.041859
2.95e-09 -0.0369988
3e-09 -0.0334343
3.05e-09 -0.0301285
3.1e-09 -0.0260865
3.15e-09 -0.0217033
3.2e-09 -0.0180826
3.25e-09 -0.0155177
3.3e-09 -0.0132828
3.35e-09 -0.0106727
3.4e-09 -0.00789194
3.45e-09 -0.00565937
3.5e-09 -0.00413589
3.55e-09 -0.00282379
3.6e-09 -0.00132917
3.65e-09 0.000198735
3.7e-09 0.00135921
3.75e-09 0.002123
3.8e-09 0.00269502
3.85e-09 0.00328459
3.9e-09 0.00389644
3.95e-09 0.00435494
4e-09 0.00455423
4.05e-09 0.00461755
4.1e-09 0.00474269
4.15e-09 0.00487146
4.2e-09 0.00488688
4.25e-09 0.00482
4.3e-09 0.00474079
4.35e-09 0.00463099
4.4e-09 0.0044551
4.45e-09 0.00431178
4.5e-09 0.00418846
4.55e-09 0.00399715
4.6e-09 0.00377534
4.65e-09 0.00352079
4.7e-09 0.00330451
4.75e-09 0.00308822
4.8e-09 0.00281352
4.85e-09 0.00258719
4.9e-09 0.00237194
4.95e-09 0.00221115
5e-09 0.00208071
5.05e-09 0.00193597
5.1e-09 0.0018513
5.15e-09 0.00172625
5.2e-09 0.00160822
5.25e-09 0.00152648
5.3e-09 0.00143233
5.35e-09 0.00133826
5.4e-09 0.00120925
5.45e-09 0.00109107
5.5e-09 0.00102198
5.55e-09 0.00101486
5.6e-09 0.0010053
5.65e-09 0.000952727
5.7e-09 0.00090585
5.75e-09 0.000909565
5.8e-09 0.000942293
5.85e-09 0.000936917
5.9e-09 0.000939289
5.95e-09 0.000930435
6e-09 0.000929012
6.05e-09 0.000993676
6.1e-09 0.00103494
6.15e-09 0.00104087
6.2e-09 0.00102719
6.25e-09 0.00104198
6.3e-09 0.00105281
6.35e-09 0.00106625
6.4e-09 0.00110522
6.45e-09 0.00112514
6.5e-09 0.00112514
6.55e-09 0.0011317
6.6e-09 0.0011498
6.65e-09 0.00119731
6.7e-09 0.00122379
6.75e-09 0.00126458
6.8e-09 0.00133549
6.85e-09 0.00136261
6.9e-09 0.0014249
6.95e-09 0.00151881
7e-09 0.00157265
7.05e-09 0.00154166
7.1e-09 0.00146593
7.15e-09 0.00138569
7.2e-09 0.00131075
7.25e-09 0.00126601
7.3e-09 0.00131486
7.35e-09 0.00138996
7.4e-09 0.00138632
7.45e-09 0.00139083
7.5e-09 0.0014796
7.55e-09 0.0015317
7.6e-09 0.00149715
7.65e-09 0.00145708
7.7e-09 0.00148142
7.75e-09 0.00147265
7.8e-09 0.00141581
7.85e-09 0.00141154
7.9e-09 0.00150664
7.95e-09 0.00155257
8e-09 0.00150577
8.05e-09 0.00145589
8.1e-09 0.00146545
8.15e-09 0.00153352
8.2e-09 0.00155597
8.25e-09 0.00153976
8.3e-09 0.00152696
8.35e-09 0.00150601
8.4e-09 0.0015083
8.45e-09 0.00152237
8.5e-09 0.00148079
8.55e-09 0.00138704
8.6e-09 0.00134925
8.65e-09 0.0013717
8.7e-09 0.00137684
8.75e-09 0.0014019
8.8e-09 0.00142751
8.85e-09 0.00142925
8.9e-09 0.00146427
8.95e-09 0.00148688
9e-09 0.00146806
9.05e-09 0.00141628
9.1e-09 0.00137423
9.15e-09 0.00137866
9.2e-09 0.0013668
9.25e-09 0.00136877
9.3e-09 0.00136711
9.35e-09 0.00138791
9.4e-09 0.00138095
9.45e-09 0.00135336
9.5e-09 0.00133747
9.55e-09 0.0013532
9.6e-09 0.0014004
9.65e-09 0.00142696
9.7e-09 0.0014249
9.75e-09 0.00146585
9.8e-09 0.00142047
9.85e-09 0.00122854
9.9e-09 0.00102743
9.95e-09 0.00088253
1e-08 0.000789961
1.005e-08 0.000787352
1.01e-08 0.000904743
1.015e-08 0.00107304
1.02e-08 0.00119945
1.025e-08 0.00139051
1.03e-08 0.001617
1.035e-08 0.00167391
1.04e-08 0.00161281
1.045e-08 0.00152253
1.05e-08 0.00143779
1.055e-08 0.00133818
1.06e-08 0.00124269
1.065e-08 0.00118451
1.07e-08 0.00114514
1.075e-08 0.00112403
1.08e-08 0.00108395
1.085e-08 0.00102103
1.09e-08 0.000997707
1.095e-08 0.000997866
1.1e-08 0.00102182
1.105e-08 0.00100601
1.11e-08 0.000940237
1.115e-08 0.000931779
1.12e-08 0.000917312
1.125e-08 0.000876759
1.13e-08 0.000856443
1.135e-08 0.000816522
1.14e-08 0.000793755
1.145e-08 0.000777233
1.15e-08 0.000780395
1.155e-08 0.000782688
1.16e-08 0.000765059
1.165e-08 0.000742688
1.17e-08 0.000725454
1.175e-08 0.000713676
1.18e-08 0.000703636
1.185e-08 0.000677154
1.19e-08 0.000643557
1.195e-08 0.00065589
1.2e-08 0.000686166
1.205e-08 0.000701976
1.21e-08 0.000699842
1.215e-08 0.00067004
1.22e-08 0.000653992
1.225e-08 0.000663874
1.23e-08 0.000694941
1.235e-08 0.000662372
1.24e-08 0.000626561
1.245e-08 0.000629644
1.25e-08 0.0006317
1.255e-08 0.000611937
1.26e-08 0.000596996
1.265e-08 0.00060585
1.27e-08 0.000613676
1.275e-08 0.000601818
1.28e-08 0.000561739
1.285e-08 0.000512806
1.29e-08 0.000491937
1.295e-08 0.0005117
1.3e-08 0.000512727
1.305e-08 0.000501028
1.31e-08 0.000478972
1.315e-08 0.0004517
1.32e-08 0.000411542
1.325e-08 0.000383953
1.33e-08 0.000337154
1.335e-08 0.000300791
1.34e-08 0.00028917
1.345e-08 0.000263637
1.35e-08 0.000220712
1.355e-08 0.000200395
1.36e-08 0.000212569
1.365e-08 0.00021336
1.37e-08 0.000199447
1.375e-08 0.000200395
1.38e-08 0.000149328
1.385e-08 0.000115573
1.39e-08 0.000121502
1.395e-08 0.000118656
1.4e-08 0.000110277
1.405e-08 7.16998e-05
1.41e-08 8.24506e-05
1.415e-08 0.00011581
1.42e-08 8.69566e-05
1.425e-08 5.70752e-05
1.43e-08 2.78261e-05
1.435e-08 1.96838e-05
1.44e-08 4.07116e-05
1.445e-08 7.09091e-05
1.45e-08 3.75494e-05
1.455e-08 1.58105e-05
1.46e-08 1.08302e-05
1.465e-08 7.43103e-06
1.47e-08 4.34789e-06
1.475e-08 -2.498e-05
1.48e-08 -5.38339e-05
1.485e-08 -4.3004e-05
1.49e-08 -2.37153e-05
1.495e-08 1.10673e-05
1.5e-08 2.40316e-05
1.505e-08 1.81818e-05
1.51e-08 1.40713e-05
1.515e-08 9.40715e-06
1.52e-08 6.32418e-06
1.525e-08 -5.53196e-07
1.53e-08 9.64426e-06
1.535e-08 1.3755e-05
1.54e-08 -1.7391e-06
1.545e-08 -2.26085e-05
1.55e-08 -3.32015e-05
1.555e-08 -3.13043e-05
1.56e-08 -1.49407e-05
1.565e-08 -5.10672e-05
1.57e-08 -5.63636e-05
1.575e-08 -4.9486e-05
1.58e-08 -7.16205e-05
1.585e-08 -0.000127905
1.59e-08 -0.000160711
1.595e-08 -0.000147035
1.6e-08 -0.000110909
1.605e-08 -9.10671e-05
1.61e-08 -9.03557e-05
1.615e-08 -9.5573e-05
1.62e-08 -8.6403e-05
1.625e-08 -8.53754e-05
1.63e-08 -7.06719e-05
1.635e-08 -7.01974e-05
1.64e-08 -4.90908e-05
1.645e-08 -3.37548e-05
1.65e-08 -3.415e-05
1.655e-08 1.29645e-05
1.66e-08 2.83005e-05
1.665e-08 2.03164e-05
1.67e-08 1.66801e-05
1.675e-08 -1.32805e-05
1.68e-08 4.0317e-06
1.685e-08 2.03954e-05
1.69e-08 1.01977e-05
1.695e-08 -2.33199e-05
1.7e-08 -3.01185e-05
1.705e-08 3.47038e-05
1.71e-08 9.5178e-05
1.715e-08 0.000106878
1.72e-08 8.751e-05
1.725e-08 6.32412e-05
1.73e-08 0.000110514
1.735e-08 0.000157391
1.74e-08 0.000182372
1.745e-08 0.000186719
1.75e-08 0.000175889
1.755e-08 0.000203162
1.76e-08 0.000241265
1.765e-08 0.000238182
1.77e-08 0.00021668
1.775e-08 0.000214625
1.78e-08 0.000245297
1.785e-08 0.000270751
1.79e-08 0.000257233
1.795e-08 0.00027747
1.8e-08 0.000310198
1.805e-08 0.000302213
1.81e-08 0.000314466
1.815e-08 0.000310435
1.82e-08 0.000336047
1.825e-08 0.000383557
1.83e-08 0.000394466
1.835e-08 0.000365217
1.84e-08 0.000343399
1.845e-08 0.000333913
1.85e-08 0.000343557
1.855e-08 0.000363953
1.86e-08 0.000395731
1.865e-08 0.000401739
1.87e-08 0.000387984
1.875e-08 0.000404427
1.88e-08 0.000429091
1.885e-08 0.000458182
1.89e-08 0.000477787
1.895e-08 0.000471146
1.9e-08 0.000491304
1.905e-08 0.000519684
1.91e-08 0.00055747
1.915e-08 0.000563241
1.92e-08 0.000586482
1.925e-08 0.000614704
1.93e-08 0.000619368
1.935e-08 0.000621423
1.94e-08 0.000644427
1.945e-08 0.000691067
1.95e-08 0.000718814
1.955e-08 0.000727826
1.96e-08 0.000734071
1.965e-08 0.000771462
1.97e-08 0.000817233
1.975e-08 0.00085834
1.98e-08 0.000889091
1.985e-08 0.000902609
1.99e-08 0.000887826
1.995e-08 0.000891541
2e-08 0.000890119
2.005e-08 0.000896285
2.01e-08 0.000885138
2.015e-08 0.000846245
2.02e-08 0.000848142
2.025e-08 0.000867668
2.03e-08 0.000882055
2.035e-08 0.000886403
2.04e-08 0.000918735
2.045e-08 0.000935336
2.05e-08 0.000942688
2.055e-08 0.000963874
2.06e-08 0.000964427
2.065e-08 0.000971621
2.07e-08 0.000976206
2.075e-08 0.000984585
2.08e-08 0.00101668
2.085e-08 0.00102957
2.09e-08 0.00105549
2.095e-08 0.00105399
2.1e-08 0.00105684
2.105e-08 0.00109518
2.11e-08 0.00111455
2.115e-08 0.00112466
2.12e-08 0.0011551
2.125e-08 0.00118427
2.13e-08 0.00117708
2.135e-08 0.00120111
2.14e-08 0.0012253
2.145e-08 0.00119913
2.15e-08 0.00122545
2.155e-08 0.00125929
2.16e-08 0.00127328
2.165e-08 0.00127107
2.17e-08 0.00124696
2.175e-08 0.0012668
2.18e-08 0.00131336
2.185e-08 0.00133494
2.19e-08 0.00135289
2.195e-08 0.00135455
2.2e-08 0.00135344
2.205e-08 0.0013664
2.21e-08 0.0013864
2.215e-08 0.00142403
2.22e-08 0.00144696
2.225e-08 0.00143107
2.23e-08 0.00139462
2.235e-08 0.00143628
2.24e-08 0.0014947
2.245e-08 0.00148838
2.25e-08 0.0014785
2.255e-08 0.00149542
2.26e-08 0.00151194
2.265e-08 0.00149233
2.27e-08 0.00149794
2.275e-08 0.00155225
2.28e-08 0.00155763
2.285e-08 0.00152308
2.29e-08 0.00149557
2.295e-08 0.00146822
2.3e-08 0.00148846
2.305e-08 0.00149968
2.31e-08 0.00152324
2.315e-08 0.0015487
2.32e-08 0.00154775
2.325e-08 0.00154964
2.33e-08 0.00154806
2.335e-08 0.00155597
2.34e-08 0.0015747
2.345e-08 0.00154593
2.35e-08 0.00151281
2.355e-08 0.00152229
2.36e-08 0.00155518
2.365e-08 0.00157352
2.37e-08 0.00157881
2.375e-08 0.00156767
2.38e-08 0.0015913
2.385e-08 0.00159937
