-2.61e-08 0.000220632
-2.605e-08 0.000253201
-2.6e-08 0.000264348
-2.595e-08 0.000265296
-2.59e-08 0.000275494
-2.585e-08 0.000290909
-2.58e-08 0.000298024
-2.575e-08 0.000308933
-2.57e-08 0.000317628
-2.565e-08 0.000311146
-2.56e-08 0.000296917
-2.555e-08 0.000252806
-2.55e-08 0.000240474
-2.545e-08 0.000244269
-2.54e-08 0.000261344
-2.535e-08 0.000289881
-2.53e-08 0.00030332
-2.525e-08 0.00030087
-2.52e-08 0.000284506
-2.515e-08 0.000259842
-2.51e-08 0.000251621
-2.505e-08 0.000233597
-2.5e-08 0.000196364
-2.495e-08 0.000171779
-2.49e-08 0.000160632
-2.485e-08 0.000177391
-2.48e-08 0.000173122
-2.475e-08 0.000167826
-2.47e-08 0.000164822
-2.465e-08 0.000165533
-2.46e-08 0.000212253
-2.455e-08 0.000195889
-2.45e-08 0.000163241
-2.445e-08 0.000199763
-2.44e-08 0.000219921
-2.435e-08 0.000189644
-2.43e-08 0.000181502
-2.425e-08 0.000201107
-2.42e-08 0.000207589
-2.415e-08 0.000187984
-2.41e-08 0.000170988
-2.405e-08 0.00018166
-2.4e-08 0.000225613
-2.395e-08 0.000246403
-2.39e-08 0.000243873
-2.385e-08 0.000213913
-2.38e-08 0.000208854
-2.375e-08 0.000278893
-2.37e-08 0.000290277
-2.365e-08 0.000236601
-2.36e-08 0.000224743
-2.355e-08 0.000285138
-2.35e-08 0.000306166
-2.345e-08 0.000283952
-2.34e-08 0.000297945
-2.335e-08 0.000304585
-2.33e-08 0.000288933
-2.325e-08 0.000275415
-2.32e-08 0.000284901
-2.315e-08 0.000271225
-2.31e-08 0.000224506
-2.305e-08 0.000212411
-2.3e-08 0.000235652
-2.295e-08 0.000232727
-2.29e-08 0.000220158
-2.285e-08 0.000225138
-2.28e-08 0.000226403
-2.275e-08 0.000197866
-2.27e-08 0.000179526
-2.265e-08 0.000215178
-2.26e-08 0.000223399
-2.255e-08 0.000184427
-2.25e-08 0.000166956
-2.245e-08 0.000167273
-2.24e-08 0.000204901
-2.235e-08 0.000188221
-2.23e-08 0.000137312
-2.225e-08 0.000141502
-2.22e-08 0.000162055
-2.215e-08 0.000178182
-2.21e-08 0.000185138
-2.205e-08 0.000178103
-2.2e-08 0.000206008
-2.195e-08 0.000179526
-2.19e-08 0.000159209
-2.185e-08 0.000174071
-2.18e-08 0.000177549
-2.175e-08 0.000206877
-2.17e-08 0.000213518
-2.165e-08 0.000190988
-2.16e-08 0.000209881
-2.155e-08 0.000222292
-2.15e-08 0.000218498
-2.145e-08 0.000221976
-2.14e-08 0.000183478
-2.135e-08 0.000171462
-2.13e-08 0.000175099
-2.125e-08 0.000159367
-2.12e-08 0.000179526
-2.115e-08 0.000193201
-2.11e-08 0.000188617
-2.105e-08 0.000211146
-2.1e-08 0.000257391
-2.095e-08 0.000282134
-2.09e-08 0.000259288
-2.085e-08 0.000247273
-2.08e-08 0.000271937
-2.075e-08 0.000271858
-2.07e-08 0.000264111
-2.065e-08 0.000254545
-2.06e-08 0.000255494
-2.055e-08 0.000249723
-2.05e-08 0.000216284
-2.045e-08 0.000204743
-2.04e-08 0.00022332
-2.035e-08 0.00022332
-2.03e-08 0.000236996
-2.025e-08 0.000218735
-2.02e-08 0.000202371
-2.015e-08 0.000224743
-2.01e-08 0.000204743
-2.005e-08 0.000243794
-2e-08 0.00025834
-1.995e-08 0.000255652
-1.99e-08 0.000268459
-1.985e-08 0.000265217
-1.98e-08 0.000250909
-1.975e-08 0.000207747
-1.97e-08 0.000211779
-1.965e-08 0.000234071
-1.96e-08 0.000217391
-1.955e-08 0.000201502
-1.95e-08 0.000184743
-1.945e-08 0.000171067
-1.94e-08 0.000199209
-1.935e-08 0.000194545
-1.93e-08 0.000168696
-1.925e-08 0.000165692
-1.92e-08 0.000172806
-1.915e-08 0.00019502
-1.91e-08 0.000182846
-1.905e-08 0.000188142
-1.9e-08 0.000215257
-1.895e-08 0.000182292
-1.89e-08 0.000191304
-1.885e-08 0.000204269
-1.88e-08 0.000192885
-1.875e-08 0.000185059
-1.87e-08 0.000170988
-1.865e-08 0.000175573
-1.86e-08 0.000173755
-1.855e-08 0.000186482
-1.85e-08 0.000181818
-1.845e-08 0.00016917
-1.84e-08 0.000176364
-1.835e-08 0.000161107
-1.83e-08 0.000178735
-1.825e-08 0.0002283
-1.82e-08 0.000240711
-1.815e-08 0.000244348
-1.81e-08 0.000288854
-1.805e-08 0.000301502
-1.8e-08 0.000261186
-1.795e-08 0.000272174
-1.79e-08 0.000281818
-1.785e-08 0.000285454
-1.78e-08 0.00029415
-1.775e-08 0.00026996
-1.77e-08 0.000256838
-1.765e-08 0.000241344
-1.76e-08 0.000231304
-1.755e-08 0.000266403
-1.75e-08 0.000264743
-1.745e-08 0.000232964
-1.74e-08 0.000226245
-1.735e-08 0.000243478
-1.73e-08 0.000233518
-1.725e-08 0.000212174
-1.72e-08 0.000224585
-1.715e-08 0.000241028
-1.71e-08 0.000274783
-1.705e-08 0.000296917
-1.7e-08 0.000301739
-1.695e-08 0.000323873
-1.69e-08 0.000329249
-1.685e-08 0.000289486
-1.68e-08 0.000238656
-1.675e-08 0.000234229
-1.67e-08 0.000255099
-1.665e-08 0.000256917
-1.66e-08 0.000249249
-1.655e-08 0.000257865
-1.65e-08 0.000261739
-1.645e-08 0.00028
-1.64e-08 0.00028498
-1.635e-08 0.000272964
-1.63e-08 0.000272569
-1.625e-08 0.000281186
-1.62e-08 0.000285929
-1.615e-08 0.000272411
-1.61e-08 0.00025249
-1.605e-08 0.000260158
-1.6e-08 0.000256284
-1.595e-08 0.000247115
-1.59e-08 0.000221423
-1.585e-08 0.000219447
-1.58e-08 0.000246957
-1.575e-08 0.00024166
-1.57e-08 0.0002083
-1.565e-08 0.000219051
-1.56e-08 0.000209012
-1.555e-08 0.000166166
-1.55e-08 0.00014253
-1.545e-08 0.000147589
-1.54e-08 0.000135336
-1.535e-08 0.000143873
-1.53e-08 0.000168854
-1.525e-08 0.000176838
-1.52e-08 0.000193439
-1.515e-08 0.000241818
-1.51e-08 0.000275415
-1.505e-08 0.000245376
-1.5e-08 0.000217549
-1.495e-08 0.000246957
-1.49e-08 0.000246166
-1.485e-08 0.000194071
-1.48e-08 0.000168933
-1.475e-08 0.000177707
-1.47e-08 0.000196047
-1.465e-08 0.000190435
-1.46e-08 0.000186087
-1.455e-08 0.000216838
-1.45e-08 0.000208616
-1.445e-08 0.000165296
-1.44e-08 0.000185534
-1.435e-08 0.000222371
-1.43e-08 0.000215257
-1.425e-08 0.000205296
-1.42e-08 0.000202292
-1.415e-08 0.00021162
-1.41e-08 0.000234308
-1.405e-08 0.000226719
-1.4e-08 0.000207273
-1.395e-08 0.00019668
-1.39e-08 0.000213597
-1.385e-08 0.000246561
-1.38e-08 0.000241739
-1.375e-08 0.000220632
-1.37e-08 0.000222846
-1.365e-08 0.000219921
-1.36e-08 0.000243478
-1.355e-08 0.000259763
-1.35e-08 0.000250197
-1.345e-08 0.000261107
-1.34e-08 0.000270672
-1.335e-08 0.000263557
-1.33e-08 0.000257787
-1.325e-08 0.000253202
-1.32e-08 0.000268458
-1.315e-08 0.000273913
-1.31e-08 0.000252727
-1.305e-08 0.000240316
-1.3e-08 0.000268775
-1.295e-08 0.000281581
-1.29e-08 0.000276443
-1.285e-08 0.000263636
-1.28e-08 0.000265296
-1.275e-08 0.000249486
-1.27e-08 0.000208379
-1.265e-08 0.00020498
-1.26e-08 0.000235178
-1.255e-08 0.00023747
-1.25e-08 0.000246956
-1.245e-08 0.000282767
-1.24e-08 0.000281581
-1.235e-08 0.000257866
-1.23e-08 0.000258893
-1.225e-08 0.00024664
-1.22e-08 0.000256443
-1.215e-08 0.000260079
-1.21e-08 0.000242925
-1.205e-08 0.000244506
-1.2e-08 0.000255889
-1.195e-08 0.000274387
-1.19e-08 0.000269723
-1.185e-08 0.000224664
-1.18e-08 0.000206798
-1.175e-08 0.000208142
-1.17e-08 0.00020664
-1.165e-08 0.000206245
-1.16e-08 0.000172095
-1.155e-08 0.000194308
-1.15e-08 0.00022585
-1.145e-08 0.000233281
-1.14e-08 0.000238893
-1.135e-08 0.000227747
-1.13e-08 0.000234624
-1.125e-08 0.00026585
-1.12e-08 0.000264743
-1.115e-08 0.000260869
-1.11e-08 0.000239051
-1.105e-08 0.00022332
-1.1e-08 0.000217233
-1.095e-08 0.00022332
-1.09e-08 0.000233913
-1.085e-08 0.000212253
-1.08e-08 0.000195652
-1.075e-08 0.000200474
-1.07e-08 0.000215178
-1.065e-08 0.000212253
-1.06e-08 0.000181186
-1.055e-08 0.000126403
-1.05e-08 0.00011502
-1.045e-08 0.000143715
-1.04e-08 0.000178893
-1.035e-08 0.000183794
-1.03e-08 0.000171067
-1.025e-08 0.000187114
-1.02e-08 0.000194387
-1.015e-08 0.000167035
-1.01e-08 0.000165375
-1.005e-08 0.00016498
-1e-08 0.000152964
-9.95e-09 0.000135257
-9.9e-09 0.000133202
-9.85e-09 0.000128617
-9.8e-09 0.000115178
-9.75e-09 0.000119605
-9.7e-09 0.000152648
-9.65e-09 0.000122371
-9.6e-09 0.000100711
-9.55e-09 0.00010996
-9.5e-09 0.000138182
-9.45e-09 0.000156126
-9.4e-09 0.000140316
-9.35e-09 0.000114941
-9.3e-09 0.000121423
-9.25e-09 0.000155099
-9.2e-09 0.000145454
-9.15e-09 0.000121344
-9.1e-09 0.000149565
-9.05e-09 0.000156205
-9e-09 0.000141265
-8.95e-09 0.000140474
-8.9e-09 0.000138893
-8.85e-09 0.000136759
-8.8e-09 0.000131937
-8.75e-09 0.000146482
-8.7e-09 0.000165771
-8.65e-09 0.000147826
-8.6e-09 0.000121739
-8.55e-09 0.000130118
-8.5e-09 0.000155573
-8.45e-09 0.000147036
-8.4e-09 0.000112727
-8.35e-09 0.000112648
-8.3e-09 0.000129407
-8.25e-09 0.000118261
-8.2e-09 0.000131937
-8.15e-09 0.000162213
-8.1e-09 0.000161107
-8.05e-09 0.000148379
-8e-09 0.000160158
-7.95e-09 0.000170988
-7.9e-09 0.000166087
-7.85e-09 0.000140237
-7.8e-09 0.000121028
-7.75e-09 0.000112411
-7.7e-09 0.000111304
-7.65e-09 0.000133755
-7.6e-09 0.00012079
-7.55e-09 0.000123399
-7.5e-09 0.000165375
-7.45e-09 0.000200869
-7.4e-09 0.000218972
-7.35e-09 0.00020419
-7.3e-09 0.000206877
-7.25e-09 0.000206087
-7.2e-09 0.000187747
-7.15e-09 0.000206087
-7.1e-09 0.000210909
-7.05e-09 0.000202925
-7e-09 0.00020917
-6.95e-09 0.000206798
-6.9e-09 0.000248854
-6.85e-09 0.000231779
-6.8e-09 0.0002083
-6.75e-09 0.000280949
-6.7e-09 0.000301897
-6.65e-09 0.000283794
-6.6e-09 0.000249881
-6.55e-09 0.000236285
-6.5e-09 0.000256996
-6.45e-09 0.000227747
-6.4e-09 0.000218261
-6.35e-09 0.000260395
-6.3e-09 0.000298656
-6.25e-09 0.00024332
-6.2e-09 0.000215968
-6.15e-09 0.00024079
-6.1e-09 0.000219684
-6.05e-09 0.000203162
-6e-09 0.000213755
-5.95e-09 0.000240079
-5.9e-09 0.000252964
-5.85e-09 0.000238261
-5.8e-09 0.000263004
-5.75e-09 0.000264664
-5.7e-09 0.000242609
-5.65e-09 0.000229881
-5.6e-09 0.000258103
-5.55e-09 0.0003
-5.5e-09 0.000289802
-5.45e-09 0.000316601
-5.4e-09 0.000332727
-5.35e-09 0.000299763
-5.3e-09 0.000311858
-5.25e-09 0.000316759
-5.2e-09 0.000281897
-5.15e-09 0.000244111
-5.1e-09 0.00023668
-5.05e-09 0.00023668
-5e-09 0.000217707
-4.95e-09 0.000236047
-4.9e-09 0.000214545
-4.85e-09 0.000188142
-4.8e-09 0.000214783
-4.75e-09 0.000197945
-4.7e-09 0.000178024
-4.65e-09 0.000183952
-4.6e-09 0.000192569
-4.55e-09 0.00021747
-4.5e-09 0.000204664
-4.45e-09 0.000190514
-4.4e-09 0.000211937
-4.35e-09 0.000249091
-4.3e-09 0.000272964
-4.25e-09 0.000251937
-4.2e-09 0.000244901
-4.15e-09 0.000254704
-4.1e-09 0.000254545
-4.05e-09 0.000257154
-4e-09 0.00025747
-3.95e-09 0.000250593
-3.9e-09 0.00021249
-3.85e-09 0.000184111
-3.8e-09 0.000198419
-3.75e-09 0.000208933
-3.7e-09 0.00019502
-3.65e-09 0.000180949
-3.6e-09 0.000176443
-3.55e-09 0.000172332
-3.5e-09 0.00021415
-3.45e-09 0.000250909
-3.4e-09 0.000233755
-3.35e-09 0.000218419
-3.3e-09 0.000228775
-3.25e-09 0.000241502
-3.2e-09 0.000218103
-3.15e-09 0.000213439
-3.1e-09 0.000230751
-3.05e-09 0.000197707
-3e-09 0.000181818
-2.95e-09 0.000216285
-2.9e-09 0.000263004
-2.85e-09 0.000226719
-2.8e-09 0.000170751
-2.75e-09 0.000186957
-2.7e-09 0.000197945
-2.65e-09 0.000212174
-2.6e-09 0.000243953
-2.55e-09 0.000241344
-2.5e-09 0.000226877
-2.45e-09 0.000216047
-2.4e-09 0.000212964
-2.35e-09 0.000224822
-2.3e-09 0.000217549
-2.25e-09 0.000197866
-2.2e-09 0.000201265
-2.15e-09 0.000200711
-2.1e-09 0.00019668
-2.05e-09 0.000188775
-2e-09 0.000204032
-1.95e-09 0.000248538
-1.9e-09 0.000241344
-1.85e-09 0.000214545
-1.8e-09 0.000248063
-1.75e-09 0.000290198
-1.7e-09 0.000261739
-1.65e-09 0.00022996
-1.6e-09 0.000263794
-1.55e-09 0.000272411
-1.5e-09 0.000257945
-1.45e-09 0.00022917
-1.4e-09 0.000240395
-1.35e-09 0.000262688
-1.3e-09 0.000249723
-1.25e-09 0.000221739
-1.2e-09 0.000212964
-1.15e-09 0.000215889
-1.1e-09 0.000198577
-1.05e-09 0.000208854
-1e-09 0.000221739
-9.5e-10 0.000206403
-9e-10 0.000206719
-8.5e-10 0.000193439
-8e-10 0.000211146
-7.5e-10 0.000223241
-7e-10 0.000233755
-6.5e-10 0.000246324
-6e-10 0.00025668
-5.5e-10 0.000260474
-5e-10 0.000273992
-4.5e-10 0.000305692
-4e-10 0.000270198
-3.5e-10 0.000257549
-3e-10 0.000315889
-2.5e-10 0.000315652
-2e-10 0.000296601
-1.5e-10 0.000321818
-1e-10 0.000311779
-5e-11 0.000290988
0 0.000283953
5e-11 0.000273755
1e-10 0.00025834
1.5e-10 0.000257707
2e-10 0.000249012
2.5e-10 0.000192016
3e-10 0.000147431
3.5e-10 0.00017581
4e-10 0.000188142
4.5e-10 0.000174783
5e-10 0.000139526
5.5e-10 0.000120316
6e-10 0.000123952
6.5e-10 0.000128458
7e-10 0.000109407
7.5e-10 0.000112411
8e-10 0.000139842
8.5e-10 0.000143083
9e-10 0.000122688
9.5e-10 0.000118261
1e-09 0.000109012
1.05e-09 9.96837e-05
1.1e-09 0.000127589
1.15e-09 0.000167115
1.2e-09 0.000213597
1.25e-09 0.00021336
1.3e-09 0.000202451
1.35e-09 0.000216601
1.4e-09 0.000243794
1.45e-09 0.000245613
1.5e-09 0.000208538
1.55e-09 0.000181818
1.6e-09 0.000218261
1.65e-09 0.00022996
1.7e-09 0.00023249
1.75e-09 0.00024332
1.8e-09 0.000276838
1.85e-09 0.00036079
1.9e-09 0.000425613
1.95e-09 0.00048917
2e-09 0.000611699
2.05e-09 0.000869881
2.1e-09 0.00123043
2.15e-09 0.000972095
2.2e-09 -0.00322996
2.25e-09 -0.0167046
2.3e-09 -0.0362616
2.35e-09 -0.0492277
2.4e-09 -0.0522647
2.45e-09 -0.0533004
2.5e-09 -0.0548617
2.55e-09 -0.0534645
2.6e-09 -0.0492223
2.65e-09 -0.0454372
2.7e-09 -0.0427149
2.75e-09 -0.0390308
2.8e-09 -0.034203
2.85e-09 -0.0299515
2.9e-09 -0.0266909
2.95e-09 -0.0233357
3e-09 -0.0195605
3.05e-09 -0.0162118
3.1e-09 -0.0134732
3.15e-09 -0.0108188
3.2e-09 -0.0083298
3.25e-09 -0.00636719
3.3e-09 -0.00468324
3.35e-09 -0.00299115
3.4e-09 -0.00144917
3.45e-09 -0.000359289
3.5e-09 0.00046253
3.55e-09 0.00138909
3.6e-09 0.00226791
3.65e-09 0.00280142
3.7e-09 0.0030713
3.75e-09 0.00334625
3.8e-09 0.00360451
3.85e-09 0.00367818
3.9e-09 0.00363992
3.95e-09 0.00362893
4e-09 0.00356419
4.05e-09 0.00342008
4.1e-09 0.00326522
4.15e-09 0.00317992
4.2e-09 0.00307636
4.25e-09 0.00286095
4.3e-09 0.00261787
4.35e-09 0.00242419
4.4e-09 0.00225439
4.45e-09 0.00207391
4.5e-09 0.00188451
4.55e-09 0.00171075
4.6e-09 0.00156032
4.65e-09 0.00141715
4.7e-09 0.00129138
4.75e-09 0.00114751
4.8e-09 0.00101399
4.85e-09 0.000913281
4.9e-09 0.000819684
4.95e-09 0.000727036
5e-09 0.000659921
5.05e-09 0.000643557
5.1e-09 0.00066585
5.15e-09 0.000671858
5.2e-09 0.000648063
5.25e-09 0.000645455
5.3e-09 0.000634387
5.35e-09 0.000554229
5.4e-09 0.0004917
5.45e-09 0.000500474
5.5e-09 0.00052087
5.55e-09 0.000515257
5.6e-09 0.000501739
5.65e-09 0.000494704
5.7e-09 0.000589328
5.75e-09 0.000669249
5.8e-09 0.000684269
5.85e-09 0.000709565
5.9e-09 0.000725455
5.95e-09 0.000718972
6e-09 0.000723241
6.05e-09 0.000766008
6.1e-09 0.00080585
6.15e-09 0.000803953
6.2e-09 0.000797391
6.25e-09 0.000825296
6.3e-09 0.000883715
6.35e-09 0.000884269
6.4e-09 0.000854625
6.45e-09 0.000871383
6.5e-09 0.000887905
6.55e-09 0.000897391
6.6e-09 0.000888221
6.65e-09 0.000898656
6.7e-09 0.000925771
6.75e-09 0.000935336
6.8e-09 0.000932885
6.85e-09 0.000955731
6.9e-09 0.00103723
6.95e-09 0.00109842
7e-09 0.0010604
7.05e-09 0.000986087
7.1e-09 0.000886957
7.15e-09 0.000847747
7.2e-09 0.000843636
7.25e-09 0.000776601
7.3e-09 0.000740316
7.35e-09 0.000764822
7.4e-09 0.000875494
7.45e-09 0.00103439
7.5e-09 0.000994941
7.55e-09 0.000850988
7.6e-09 0.000918893
7.65e-09 0.00106854
7.7e-09 0.00104617
7.75e-09 0.000913202
7.8e-09 0.000881028
7.85e-09 0.000982293
7.9e-09 0.00102751
7.95e-09 0.000957075
8e-09 0.000941265
8.05e-09 0.000993439
8.1e-09 0.00099747
8.15e-09 0.00098419
8.2e-09 0.000993518
8.25e-09 0.00103953
8.3e-09 0.00104277
8.35e-09 0.00102798
8.4e-09 0.00105534
8.45e-09 0.00107091
8.5e-09 0.000997391
8.55e-09 0.000917866
8.6e-09 0.000891937
8.65e-09 0.000881739
8.7e-09 0.000877312
8.75e-09 0.000906245
8.8e-09 0.000950672
8.85e-09 0.00094079
8.9e-09 0.000965059
8.95e-09 0.00101874
9e-09 0.00102324
9.05e-09 0.000984269
9.1e-09 0.00092751
9.15e-09 0.000962925
9.2e-09 0.000974466
9.25e-09 0.000957628
9.3e-09 0.000970119
9.35e-09 0.000997075
9.4e-09 0.00101028
9.45e-09 0.00100229
9.5e-09 0.000993755
9.55e-09 0.0009917
9.6e-09 0.000997787
9.65e-09 0.00101779
9.7e-09 0.00103383
9.75e-09 0.00101668
9.8e-09 0.000935415
9.85e-09 0.000818103
9.9e-09 0.000720791
9.95e-09 0.000603715
1e-08 0.000553123
1.005e-08 0.000605138
1.01e-08 0.000688142
1.015e-08 0.000765375
1.02e-08 0.000934387
1.025e-08 0.0011196
1.03e-08 0.00116909
1.035e-08 0.00108901
1.04e-08 0.00106213
1.045e-08 0.00105478
1.05e-08 0.000967905
1.055e-08 0.000872411
1.06e-08 0.000839051
1.065e-08 0.00084332
1.07e-08 0.000828617
1.075e-08 0.000782688
1.08e-08 0.000799526
1.085e-08 0.000803399
1.09e-08 0.000734229
1.095e-08 0.000702134
1.1e-08 0.000723636
1.105e-08 0.000767589
1.11e-08 0.000732885
1.115e-08 0.00068332
1.12e-08 0.000707668
1.125e-08 0.00070996
1.13e-08 0.000738814
1.135e-08 0.000732253
1.14e-08 0.000733992
1.145e-08 0.000755652
1.15e-08 0.000699921
1.155e-08 0.000707115
1.16e-08 0.000730593
1.165e-08 0.00072087
1.17e-08 0.000721265
1.175e-08 0.000686561
1.18e-08 0.000659368
1.185e-08 0.000642055
1.19e-08 0.000621502
1.195e-08 0.000603557
1.2e-08 0.000624901
1.205e-08 0.000639684
1.21e-08 0.000591225
1.215e-08 0.00052332
1.22e-08 0.000498814
1.225e-08 0.000488537
1.23e-08 0.000464269
1.235e-08 0.000422925
1.24e-08 0.000462055
1.245e-08 0.000489802
1.25e-08 0.000449881
1.255e-08 0.000438419
1.26e-08 0.000450198
1.265e-08 0.000470435
1.27e-08 0.000474704
1.275e-08 0.000413043
1.28e-08 0.000403399
1.285e-08 0.000436126
1.29e-08 0.00040166
1.295e-08 0.000338261
1.3e-08 0.000359209
1.305e-08 0.000407035
1.31e-08 0.000403715
1.315e-08 0.000377866
1.32e-08 0.000361818
1.325e-08 0.000370988
1.33e-08 0.000371067
1.335e-08 0.000347826
1.34e-08 0.000327668
1.345e-08 0.000301186
1.35e-08 0.000292016
1.355e-08 0.000304664
1.36e-08 0.000273676
1.365e-08 0.000257628
1.37e-08 0.000260316
1.375e-08 0.000268537
1.38e-08 0.000281581
1.385e-08 0.000271621
1.39e-08 0.000285138
1.395e-08 0.000297154
1.4e-08 0.000266482
1.405e-08 0.000239526
1.41e-08 0.000224348
1.415e-08 0.000215494
1.42e-08 0.000208221
1.425e-08 0.000217945
1.43e-08 0.000224032
1.435e-08 0.00022332
1.44e-08 0.000217866
1.445e-08 0.000227826
1.45e-08 0.000235968
1.455e-08 0.000232885
1.46e-08 0.000234545
1.465e-08 0.000253518
1.47e-08 0.000252174
1.475e-08 0.00023083
1.48e-08 0.000232253
1.485e-08 0.000245771
1.49e-08 0.00024087
1.495e-08 0.000234783
1.5e-08 0.000209723
1.505e-08 0.000213439
1.51e-08 0.000208379
1.515e-08 0.000165375
1.52e-08 0.000173913
1.525e-08 0.000195652
1.53e-08 0.00019913
1.535e-08 0.000227589
1.54e-08 0.00022166
1.545e-08 0.000203241
1.55e-08 0.000171699
1.555e-08 0.000161581
1.56e-08 0.00018079
1.565e-08 0.000155336
1.57e-08 0.000140474
1.575e-08 0.000153597
1.58e-08 0.000135573
1.585e-08 0.000138735
1.59e-08 0.000135731
1.595e-08 0.000141265
1.6e-08 0.000179763
1.605e-08 0.000192806
1.61e-08 0.000162767
1.615e-08 0.000125929
1.62e-08 0.00016751
1.625e-08 0.000183083
1.63e-08 0.000148537
1.635e-08 0.000191462
1.64e-08 0.000257628
1.645e-08 0.000229012
1.65e-08 0.000200079
1.655e-08 0.000181265
1.66e-08 0.000183399
1.665e-08 0.000192806
1.67e-08 0.000189249
1.675e-08 0.000175573
1.68e-08 0.000180158
1.685e-08 0.000232727
1.69e-08 0.000266956
1.695e-08 0.000225454
1.7e-08 0.000195099
1.705e-08 0.000214783
1.71e-08 0.000257075
1.715e-08 0.000257707
1.72e-08 0.000224585
1.725e-08 0.000235257
1.73e-08 0.000277945
1.735e-08 0.000273439
1.74e-08 0.000275889
1.745e-08 0.000265534
1.75e-08 0.000290988
1.755e-08 0.000302055
1.76e-08 0.000277075
1.765e-08 0.000308696
1.77e-08 0.000343953
1.775e-08 0.000363162
1.78e-08 0.000351304
1.785e-08 0.000363004
1.79e-08 0.000397154
1.795e-08 0.000384269
1.8e-08 0.000379605
1.805e-08 0.000403873
1.81e-08 0.000413755
1.815e-08 0.000390435
1.82e-08 0.000373043
1.825e-08 0.000383399
1.83e-08 0.000400079
1.835e-08 0.000399288
1.84e-08 0.000393122
1.845e-08 0.00038245
1.85e-08 0.000384664
1.855e-08 0.000379842
1.86e-08 0.000390198
1.865e-08 0.000437312
1.87e-08 0.000429249
1.875e-08 0.000374387
1.88e-08 0.000407668
1.885e-08 0.000445138
1.89e-08 0.000422213
1.895e-08 0.000395336
1.9e-08 0.000437786
1.905e-08 0.000491383
1.91e-08 0.000476917
1.915e-08 0.000451937
1.92e-08 0.000492253
1.925e-08 0.000533518
1.93e-08 0.00051249
1.935e-08 0.000493755
1.94e-08 0.00052166
1.945e-08 0.000535573
1.95e-08 0.000516917
1.955e-08 0.00053415
1.96e-08 0.000570198
1.965e-08 0.000592016
1.97e-08 0.000580395
1.975e-08 0.000595257
1.98e-08 0.000616838
1.985e-08 0.000651779
1.99e-08 0.000702292
1.995e-08 0.000675099
2e-08 0.000640791
2.005e-08 0.000653676
2.01e-08 0.000693202
2.015e-08 0.000728221
2.02e-08 0.000713202
2.025e-08 0.000692727
2.03e-08 0.000684427
2.035e-08 0.000706087
2.04e-08 0.000722372
2.045e-08 0.000729012
2.05e-08 0.000761581
2.055e-08 0.00077834
2.06e-08 0.000760711
2.065e-08 0.000760791
2.07e-08 0.000707747
2.075e-08 0.000695494
2.08e-08 0.0007517
2.085e-08 0.000750435
2.09e-08 0.00073083
2.095e-08 0.000732095
2.1e-08 0.000701107
2.105e-08 0.000726166
2.11e-08 0.000776047
2.115e-08 0.000782213
2.12e-08 0.00076253
2.125e-08 0.000716601
2.13e-08 0.00075834
2.135e-08 0.000776601
2.14e-08 0.000739447
2.145e-08 0.00072751
2.15e-08 0.000726798
2.155e-08 0.00073834
2.16e-08 0.000769723
2.165e-08 0.000762371
2.17e-08 0.000740158
2.175e-08 0.000785534
2.18e-08 0.000844506
2.185e-08 0.000846245
2.19e-08 0.000840237
2.195e-08 0.000864743
2.2e-08 0.000924743
2.205e-08 0.000959684
2.21e-08 0.000953755
2.215e-08 0.000971462
2.22e-08 0.0010087
2.225e-08 0.00102182
2.23e-08 0.00101043
2.235e-08 0.00101028
2.24e-08 0.00103905
2.245e-08 0.00103399
2.25e-08 0.00103502
2.255e-08 0.0010585
2.26e-08 0.00105787
2.265e-08 0.00106822
2.27e-08 0.00106688
2.275e-08 0.00104632
2.28e-08 0.00100814
2.285e-08 0.00100158
2.29e-08 0.00104103
2.295e-08 0.00103731
2.3e-08 0.00102395
2.305e-08 0.00100751
2.31e-08 0.000995652
2.315e-08 0.00100601
2.32e-08 0.00102332
2.325e-08 0.00102514
2.33e-08 0.00102221
2.335e-08 0.00102538
2.34e-08 0.00101344
2.345e-08 0.00100704
2.35e-08 0.00101636
2.355e-08 0.00103336
2.36e-08 0.0010268
2.365e-08 0.00100617
2.37e-08 0.00100601
2.375e-08 0.0010053
2.38e-08 0.00100885
2.385e-08 0.00106553
