-2.85e-09 0.000247787
-2.8375e-09 0.00024509
-2.825e-09 0.000243263
-2.8125e-09 0.000243173
-2.8e-09 0.000245692
-2.7875e-09 0.000251242
-2.775e-09 0.000258468
-2.7625e-09 0.000265571
-2.75e-09 0.000270751
-2.7375e-09 0.000272628
-2.725e-09 0.000271505
-2.7125e-09 0.000268109
-2.7e-09 0.000263162
-2.6875e-09 0.000257442
-2.675e-09 0.000251933
-2.6625e-09 0.000247671
-2.65e-09 0.000245692
-2.6375e-09 0.000246624
-2.625e-09 0.000249464
-2.6125e-09 0.000252799
-2.6e-09 0.000255217
-2.5875e-09 0.000255714
-2.575e-09 0.00025491
-2.5625e-09 0.000253835
-2.55e-09 0.000253518
-2.5375e-09 0.000254774
-2.525e-09 0.000257566
-2.5125e-09 0.000261644
-2.5e-09 0.000266759
-2.4875e-09 0.000272527
-2.475e-09 0.000278033
-2.4625e-09 0.00028223
-2.45e-09 0.000284071
-2.4375e-09 0.000282887
-2.425e-09 0.000279531
-2.4125e-09 0.000275233
-2.4e-09 0.000271225
-2.3875e-09 0.000268479
-2.375e-09 0.000266927
-2.3625e-09 0.000266239
-2.35e-09 0.000266087
-2.3375e-09 0.000266162
-2.325e-09 0.000266231
-2.3125e-09 0.00026608
-2.3e-09 0.000265494
-2.2875e-09 0.000264422
-2.275e-09 0.000263461
-2.2625e-09 0.000263367
-2.25e-09 0.000264901
-2.2375e-09 0.00026842
-2.225e-09 0.000272679
-2.2125e-09 0.000276033
-2.2e-09 0.000276838
-2.1875e-09 0.000274073
-2.175e-09 0.000269214
-2.1625e-09 0.000264363
-2.15e-09 0.000261621
-2.1375e-09 0.000262429
-2.125e-09 0.000265593
-2.1125e-09 0.000269262
-2.1e-09 0.000271581
-2.0875e-09 0.000271175
-2.075e-09 0.000268576
-2.0625e-09 0.000264791
-2.05e-09 0.00026083
-2.0375e-09 0.000257603
-2.025e-09 0.000255628
-2.0125e-09 0.000255325
-2e-09 0.000257115
-1.9875e-09 0.00026112
-1.975e-09 0.000266275
-1.9625e-09 0.000271217
-1.95e-09 0.000274585
-1.9375e-09 0.00027542
-1.925e-09 0.000274382
-1.9125e-09 0.000272537
-1.9e-09 0.000270949
-1.8875e-09 0.000270467
-1.875e-09 0.000271079
-1.8625e-09 0.000272554
-1.85e-09 0.000274664
-1.8375e-09 0.000277177
-1.825e-09 0.000279854
-1.8125e-09 0.000282456
-1.8e-09 0.000284743
-1.7875e-09 0.000286535
-1.775e-09 0.000287898
-1.7625e-09 0.000288959
-1.75e-09 0.000289842
-1.7375e-09 0.000290571
-1.725e-09 0.000290756
-1.7125e-09 0.0002899
-1.7e-09 0.00028751
-1.6875e-09 0.000283348
-1.675e-09 0.00027821
-1.6625e-09 0.000273146
-1.65e-09 0.00026921
-1.6375e-09 0.000267198
-1.625e-09 0.00026689
-1.6125e-09 0.000267811
-1.6e-09 0.000269486
-1.5875e-09 0.000271477
-1.575e-09 0.000273498
-1.5625e-09 0.000275302
-1.55e-09 0.00027664
-1.5375e-09 0.000277306
-1.525e-09 0.00027725
-1.5125e-09 0.000276465
-1.5e-09 0.000274941
-1.4875e-09 0.000272764
-1.475e-09 0.000270397
-1.4625e-09 0.000268394
-1.45e-09 0.000267312
-1.4375e-09 0.000267564
-1.425e-09 0.00026899
-1.4125e-09 0.000271286
-1.4e-09 0.00027415
-1.3875e-09 0.000277204
-1.375e-09 0.000279771
-1.3625e-09 0.000281098
-1.35e-09 0.000280435
-1.3375e-09 0.000277427
-1.325e-09 0.00027332
-1.3125e-09 0.000269757
-1.3e-09 0.000268379
-1.2875e-09 0.000270348
-1.275e-09 0.000274887
-1.2625e-09 0.000280738
-1.25e-09 0.00028664
-1.2375e-09 0.000291532
-1.225e-09 0.000295134
-1.2125e-09 0.000297365
-1.2e-09 0.000298142
-1.1875e-09 0.00029756
-1.175e-09 0.000296415
-1.1625e-09 0.000295679
-1.15e-09 0.000296324
-1.1375e-09 0.000298982
-1.125e-09 0.000302922
-1.1125e-09 0.00030707
-1.1e-09 0.000310356
-1.0875e-09 0.000311885
-1.075e-09 0.000311483
-1.0625e-09 0.000309154
-1.05e-09 0.000304901
-1.0375e-09 0.00029891
-1.025e-09 0.000292089
-1.0125e-09 0.000285527
-1e-09 0.000280316
-9.875e-10 0.000277268
-9.75e-10 0.000276091
-9.625e-10 0.000276216
-9.5e-10 0.000277075
-9.375e-10 0.000278148
-9.25e-10 0.000279114
-9.125e-10 0.000279704
-9e-10 0.000279644
-8.875e-10 0.00027886
-8.75e-10 0.000278054
-8.625e-10 0.000278122
-8.5e-10 0.00027996
-8.375e-10 0.000284081
-8.25e-10 0.000289446
-8.125e-10 0.000294634
-8e-10 0.000298221
-7.875e-10 0.000299158
-7.75e-10 0.000297882
-7.625e-10 0.000295205
-7.5e-10 0.000291937
-7.375e-10 0.00028882
-7.25e-10 0.000286323
-7.125e-10 0.000284844
-7e-10 0.000284783
-6.875e-10 0.00028626
-6.75e-10 0.000288292
-6.625e-10 0.000289616
-6.5e-10 0.000288972
-6.375e-10 0.000285635
-6.25e-10 0.000281024
-6.125e-10 0.000277096
-6e-10 0.00027581
-5.875e-10 0.000278499
-5.75e-10 0.000284008
-5.625e-10 0.000290555
-5.5e-10 0.000296364
-5.375e-10 0.000300042
-5.25e-10 0.000301756
-5.125e-10 0.000302058
-5e-10 0.000301502
-4.875e-10 0.000300639
-4.75e-10 0.000300007
-4.625e-10 0.000300143
-4.5e-10 0.000301581
-4.375e-10 0.0003046
-4.25e-10 0.000308443
-4.125e-10 0.000312096
-4e-10 0.000314545
-3.875e-10 0.000315011
-3.75e-10 0.000313652
-3.625e-10 0.000310863
-3.5e-10 0.000307036
-3.375e-10 0.000302578
-3.25e-10 0.00029795
-3.125e-10 0.000293626
-3e-10 0.000290079
-2.875e-10 0.000287708
-2.75e-10 0.000286616
-2.625e-10 0.000286831
-2.5e-10 0.000288379
-2.375e-10 0.000291199
-2.25e-10 0.000294858
-2.125e-10 0.000298835
-2e-10 0.000302609
-1.875e-10 0.000305754
-1.75e-10 0.000308236
-1.625e-10 0.000310118
-1.5e-10 0.000311462
-1.375e-10 0.000312302
-1.25e-10 0.000312549
-1.125e-10 0.000312085
-1e-10 0.000310791
-8.75e-11 0.000308674
-7.5e-11 0.000306246
-6.25e-11 0.000304143
-5e-11 0.000303004
-3.75e-11 0.000303254
-2.5e-11 0.000304479
-1.25e-11 0.000306053
0 0.000307352
1.25e-11 0.000307857
2.5e-11 0.000307488
3.75e-11 0.00030627
5e-11 0.000304229
6.25e-11 0.000301548
7.5e-11 0.000299028
8.75e-11 0.000297626
1e-10 0.0002983
1.125e-10 0.000301632
1.25e-10 0.000306701
1.375e-10 0.000312215
1.5e-10 0.000316877
1.625e-10 0.000319623
1.75e-10 0.000320298
1.875e-10 0.000318976
2e-10 0.000315731
2.125e-10 0.000310763
2.25e-10 0.000304774
2.375e-10 0.000298591
2.5e-10 0.000293043
2.625e-10 0.000288788
2.75e-10 0.000285795
2.875e-10 0.000283868
3e-10 0.000282806
3.125e-10 0.00028234
3.25e-10 0.000281916
3.375e-10 0.00028091
3.5e-10 0.000278696
3.625e-10 0.000274961
3.75e-10 0.000270639
3.875e-10 0.000266976
4e-10 0.000265217
4.125e-10 0.000266211
4.25e-10 0.000269221
4.375e-10 0.000273115
4.5e-10 0.000276759
4.625e-10 0.000279252
4.75e-10 0.000280622
4.875e-10 0.000281127
5e-10 0.000281028
5.125e-10 0.000280641
5.25e-10 0.000280519
5.375e-10 0.000281274
5.5e-10 0.000283518
5.625e-10 0.000287514
5.75e-10 0.000292139
5.875e-10 0.000295922
6e-10 0.000297391
6.125e-10 0.000295619
6.25e-10 0.000291848
6.375e-10 0.000287865
6.5e-10 0.000285455
6.625e-10 0.000285941
6.75e-10 0.000288798
6.875e-10 0.000293037
7e-10 0.000297668
7.125e-10 0.000301797
7.25e-10 0.000304902
7.375e-10 0.000306553
7.5e-10 0.000306324
7.625e-10 0.000304066
7.75e-10 0.000300751
7.875e-10 0.000297634
8e-10 0.000295968
8.125e-10 0.00029661
8.25e-10 0.000298824
8.375e-10 0.000301478
8.5e-10 0.000303439
8.625e-10 0.0003038
8.75e-10 0.000302551
8.875e-10 0.000299908
9e-10 0.000296087
9.125e-10 0.000291387
9.25e-10 0.000286442
9.375e-10 0.000281972
9.5e-10 0.000278696
9.625e-10 0.000277101
9.75e-10 0.000276754
9.875e-10 0.000276993
1e-09 0.000277154
1.0125e-09 0.00027672
1.025e-09 0.00027576
1.0375e-09 0.000274489
1.05e-09 0.000273123
1.0625e-09 0.00027191
1.075e-09 0.000271242
1.0875e-09 0.000271544
1.1e-09 0.000273241
1.1125e-09 0.000276511
1.125e-09 0.000280537
1.1375e-09 0.000284255
1.15e-09 0.000286601
1.1625e-09 0.000286819
1.175e-09 0.000285394
1.1875e-09 0.00028312
1.2e-09 0.00028079
1.2125e-09 0.00027906
1.225e-09 0.000278025
1.2375e-09 0.000277641
1.25e-09 0.000277866
1.2625e-09 0.000278552
1.275e-09 0.000279138
1.2875e-09 0.00027896
1.3e-09 0.000277352
1.3125e-09 0.000273969
1.325e-09 0.000269741
1.3375e-09 0.00026592
1.35e-09 0.000263755
1.3625e-09 0.000264115
1.375e-09 0.000266339
1.3875e-09 0.000269386
1.4e-09 0.000272213
1.4125e-09 0.000274027
1.425e-09 0.000275022
1.4375e-09 0.00027564
1.45e-09 0.000276324
1.4625e-09 0.000277429
1.475e-09 0.00027896
1.4875e-09 0.000280833
1.5e-09 0.000282964
1.5125e-09 0.000285201
1.525e-09 0.000287103
1.5375e-09 0.000288161
1.55e-09 0.000287866
1.5625e-09 0.000285956
1.575e-09 0.000283168
1.5875e-09 0.000280485
1.6e-09 0.000278893
1.6125e-09 0.000279085
1.625e-09 0.000280591
1.6375e-09 0.000282652
1.65e-09 0.000284506
1.6625e-09 0.000285514
1.675e-09 0.000285519
1.6875e-09 0.000284483
1.7e-09 0.000282372
1.7125e-09 0.000279264
1.725e-09 0.000275709
1.7375e-09 0.000272372
1.75e-09 0.000269921
1.7625e-09 0.000268821
1.775e-09 0.000268742
1.7875e-09 0.000269154
1.8e-09 0.000269526
1.8125e-09 0.000269471
1.825e-09 0.000269175
1.8375e-09 0.000268965
1.85e-09 0.00026917
1.8625e-09 0.000269988
1.875e-09 0.000271104
1.8875e-09 0.000272073
1.9e-09 0.000272451
1.9125e-09 0.000271896
1.925e-09 0.000270486
1.9375e-09 0.000268397
1.95e-09 0.00026581
1.9625e-09 0.000262927
1.975e-09 0.000260046
1.9875e-09 0.000257488
2e-09 0.000255573
2.0125e-09 0.00025454
2.025e-09 0.00025429
2.0375e-09 0.000254642
2.05e-09 0.000255415
2.0625e-09 0.000256441
2.075e-09 0.000257611
2.0875e-09 0.000258829
2.1e-09 0.00026
2.1125e-09 0.000261013
2.125e-09 0.000261702
2.1375e-09 0.000261886
2.15e-09 0.000261383
2.1625e-09 0.000260161
2.175e-09 0.000258777
2.1875e-09 0.000257934
2.2e-09 0.00025834
2.2125e-09 0.000260381
2.225e-09 0.000263182
2.2375e-09 0.000265547
2.25e-09 0.000266285
2.2625e-09 0.000264565
2.275e-09 0.000261022
2.2875e-09 0.000256651
2.3e-09 0.000252451
2.3125e-09 0.000249305
2.325e-09 0.000247648
2.3375e-09 0.000247799
2.35e-09 0.000250079
2.3625e-09 0.000254556
2.375e-09 0.000260293
2.3875e-09 0.000266101
2.4e-09 0.00027079
2.4125e-09 0.000273507
2.425e-09 0.000274732
2.4375e-09 0.000275281
2.45e-09 0.000275968
2.4625e-09 0.000277414
2.475e-09 0.00027945
2.4875e-09 0.000281712
2.5e-09 0.000283834
2.5125e-09 0.000285474
2.525e-09 0.000286376
2.5375e-09 0.000286303
2.55e-09 0.00028502
2.5625e-09 0.000282474
2.575e-09 0.000279341
2.5875e-09 0.000276478
2.6e-09 0.000274743
2.6125e-09 0.000274721
2.625e-09 0.000275906
2.6375e-09 0.000277517
2.65e-09 0.000278775
2.6625e-09 0.000279122
2.675e-09 0.000278889
2.6875e-09 0.000278628
2.7e-09 0.000278893
2.7125e-09 0.000280012
2.725e-09 0.000281415
2.7375e-09 0.000282308
2.75e-09 0.000281897
2.7625e-09 0.000279692
2.775e-09 0.000276419
2.7875e-09 0.000273109
2.8e-09 0.00027079
2.8125e-09 0.000270214
2.825e-09 0.000271001
2.8375e-09 0.000272493
2.85e-09 0.000274032
2.8625e-09 0.000275099
2.875e-09 0.000275748
2.8875e-09 0.000276171
2.9e-09 0.000276561
2.9125e-09 0.000277089
2.925e-09 0.000277826
2.9375e-09 0.00027882
2.95e-09 0.000280119
2.9625e-09 0.000281692
2.975e-09 0.000283197
2.9875e-09 0.000284209
3e-09 0.000284308
3.0125e-09 0.000283238
3.025e-09 0.000281413
3.0375e-09 0.000279415
3.05e-09 0.000277826
3.0625e-09 0.000277107
3.075e-09 0.000277237
3.0875e-09 0.000278077
3.1e-09 0.000279486
3.1125e-09 0.00028121
3.125e-09 0.000282538
3.1375e-09 0.000282646
3.15e-09 0.000280711
3.1625e-09 0.000276292
3.175e-09 0.000270477
3.1875e-09 0.00026474
3.2e-09 0.000260553
3.2125e-09 0.000259056
3.225e-09 0.000260059
3.2375e-09 0.000263038
3.25e-09 0.00026747
3.2625e-09 0.000272788
3.275e-09 0.000278241
3.2875e-09 0.000283031
3.3e-09 0.000286364
3.3125e-09 0.000287701
3.325e-09 0.000287542
3.3375e-09 0.000286646
3.35e-09 0.000285771
3.3625e-09 0.000285569
3.375e-09 0.00028627
3.3875e-09 0.000287996
3.4e-09 0.00029087
3.4125e-09 0.000294843
3.425e-09 0.000299178
3.4375e-09 0.000302965
3.45e-09 0.000305296
3.4625e-09 0.000305552
3.475e-09 0.000304272
3.4875e-09 0.000302289
3.5e-09 0.000300435
3.5125e-09 0.000299405
3.525e-09 0.000299361
3.5375e-09 0.000300328
3.55e-09 0.000302332
3.5625e-09 0.000305251
3.575e-09 0.000308373
3.5875e-09 0.000310836
3.6e-09 0.000311779
3.6125e-09 0.000310635
3.625e-09 0.000308012
3.6375e-09 0.000304812
3.65e-09 0.000301937
3.6625e-09 0.000300125
3.675e-09 0.000299462
3.6875e-09 0.000299868
3.7e-09 0.000301265
3.7125e-09 0.000303487
3.725e-09 0.000306019
3.7375e-09 0.000308259
3.75e-09 0.000309605
3.7625e-09 0.000309584
3.775e-09 0.000308242
3.7875e-09 0.000305753
3.8e-09 0.000302293
3.8125e-09 0.00029804
3.825e-09 0.000293197
3.8375e-09 0.000287971
3.85e-09 0.000282569
3.8625e-09 0.000277239
3.875e-09 0.00027239
3.8875e-09 0.00026847
3.9e-09 0.000265929
3.9125e-09 0.000265025
3.925e-09 0.000265249
3.9375e-09 0.000265902
3.95e-09 0.000266285
3.9625e-09 0.000265885
3.975e-09 0.000264945
3.9875e-09 0.000263894
4e-09 0.000263162
4.0125e-09 0.000263082
4.025e-09 0.000263599
4.0375e-09 0.000264559
4.05e-09 0.00026581
4.0625e-09 0.000267175
4.075e-09 0.000268376
4.0875e-09 0.000269115
4.1e-09 0.000269091
4.1125e-09 0.000268148
4.125e-09 0.00026671
4.1375e-09 0.000265346
4.15e-09 0.000264624
4.1625e-09 0.000264976
4.175e-09 0.000266276
4.1875e-09 0.000268262
4.2e-09 0.000270672
4.2125e-09 0.000273273
4.225e-09 0.000275958
4.2375e-09 0.000278647
4.25e-09 0.000281265
4.2625e-09 0.000283745
4.275e-09 0.000286074
4.2875e-09 0.000288252
4.3e-09 0.000290277
4.3125e-09 0.000292111
4.325e-09 0.000293565
4.3375e-09 0.000294412
4.35e-09 0.000294427
4.3625e-09 0.000293455
4.375e-09 0.000291638
4.3875e-09 0.000289189
4.4e-09 0.000286324
4.4125e-09 0.000283236
4.425e-09 0.000280037
4.4375e-09 0.00027682
4.45e-09 0.000273676
4.4625e-09 0.000270594
4.475e-09 0.00026715
4.4875e-09 0.00026282
4.5e-09 0.000257075
4.5125e-09 0.000249654
4.525e-09 0.000241351
4.5375e-09 0.000233221
4.55e-09 0.000226324
4.5625e-09 0.000221447
4.575e-09 0.000218301
4.5875e-09 0.000216332
4.6e-09 0.00021498
4.6125e-09 0.000213777
4.625e-09 0.000212598
4.6375e-09 0.000211404
4.65e-09 0.000210158
4.6625e-09 0.000208843
4.675e-09 0.000207524
4.6875e-09 0.000206286
4.7e-09 0.000205217
4.7125e-09 0.000204417
4.725e-09 0.000204042
4.7375e-09 0.000204265
4.75e-09 0.000205257
4.7625e-09 0.000207064
4.775e-09 0.000209232
4.7875e-09 0.000211181
4.8e-09 0.000212332
4.8125e-09 0.000212235
4.825e-09 0.000210958
4.8375e-09 0.000208698
4.85e-09 0.000205652
4.8625e-09 0.000202164
4.875e-09 0.00019916
4.8875e-09 0.000197713
4.9e-09 0.000198893
4.9125e-09 0.000203354
4.925e-09 0.000210068
4.9375e-09 0.000217588
4.95e-09 0.000224466
4.9625e-09 0.000229574
4.975e-09 0.000233056
4.9875e-09 0.000235376
5e-09 0.000236996
5.0125e-09 0.000238341
5.025e-09 0.000239679
5.0375e-09 0.000241236
5.05e-09 0.000243241
5.0625e-09 0.000245816
5.075e-09 0.000248659
5.0875e-09 0.000251362
5.1e-09 0.000253518
5.1125e-09 0.000254914
5.125e-09 0.000256129
5.1375e-09 0.000257935
5.15e-09 0.000261107
5.1625e-09 0.000266106
5.175e-09 0.000272148
5.1875e-09 0.000278133
5.2e-09 0.000282964
5.2125e-09 0.000285763
5.225e-09 0.000286521
5.2375e-09 0.000285452
5.25e-09 0.000282767
5.2625e-09 0.000278796
5.275e-09 0.000274342
5.2875e-09 0.000270326
5.3e-09 0.000267668
5.3125e-09 0.000267078
5.325e-09 0.000268423
5.3375e-09 0.000271356
5.35e-09 0.000275534
5.3625e-09 0.000280545
5.375e-09 0.000285717
5.3875e-09 0.000290314
5.4e-09 0.000293597
5.4125e-09 0.000295048
5.425e-09 0.000295023
5.4375e-09 0.000294097
5.45e-09 0.000292846
5.4625e-09 0.000291744
5.475e-09 0.000290871
5.4875e-09 0.000290204
5.5e-09 0.000289723
5.5125e-09 0.000289439
5.525e-09 0.000289493
5.5375e-09 0.000290057
5.55e-09 0.000291304
5.5625e-09 0.000293259
5.575e-09 0.000295347
5.5875e-09 0.000296846
5.6e-09 0.000297036
5.6125e-09 0.000295436
5.625e-09 0.000292544
5.6375e-09 0.000289102
5.65e-09 0.00028585
5.6625e-09 0.0002834
5.675e-09 0.000281853
5.6875e-09 0.000281177
5.7e-09 0.000281344
5.7125e-09 0.000282229
5.725e-09 0.00028333
5.7375e-09 0.000284051
5.75e-09 0.000283794
5.7625e-09 0.00028218
5.775e-09 0.000279688
5.7875e-09 0.000277017
5.8e-09 0.000274862
5.8125e-09 0.000273719
5.825e-09 0.000273282
5.8375e-09 0.000273042
5.85e-09 0.00027249
5.8625e-09 0.000271277
5.875e-09 0.000269679
5.8875e-09 0.000268134
5.9e-09 0.000267075
5.9125e-09 0.000266781
5.925e-09 0.000266895
5.9375e-09 0.000266901
5.95e-09 0.000266285
5.9625e-09 0.000264694
5.975e-09 0.00026243
5.9875e-09 0.00025996
6e-09 0.000257747
6.0125e-09 0.000256128
6.025e-09 0.000254925
6.0375e-09 0.000253828
6.05e-09 0.00025253
6.0625e-09 0.00025082
6.075e-09 0.000248883
6.0875e-09 0.000247001
6.1e-09 0.000245455
6.1125e-09 0.00024446
6.125e-09 0.000243968
6.1375e-09 0.000243864
6.15e-09 0.000244032
6.1625e-09 0.000244314
6.175e-09 0.000244388
6.1875e-09 0.000243889
6.2e-09 0.000242451
6.2125e-09 0.000239811
6.225e-09 0.000236118
6.2375e-09 0.000231618
6.25e-09 0.000226561
6.2625e-09 0.000221237
6.275e-09 0.000216092
6.2875e-09 0.000211617
6.3e-09 0.0002083
6.3125e-09 0.000206432
6.325e-09 0.000205511
6.3375e-09 0.000204839
6.35e-09 0.000203715
6.3625e-09 0.000201597
6.375e-09 0.000198558
6.3875e-09 0.000194827
6.4e-09 0.000190632
6.4125e-09 0.000186275
6.425e-09 0.000182333
6.4375e-09 0.000179458
6.45e-09 0.0001783
6.4625e-09 0.000179232
6.475e-09 0.000181512
6.4875e-09 0.000184124
6.5e-09 0.000186047
6.5125e-09 0.000186538
6.525e-09 0.000185941
6.5375e-09 0.000184873
6.55e-09 0.000183953
6.5625e-09 0.000183733
6.575e-09 0.000184512
6.5875e-09 0.000186523
6.6e-09 0.00019
6.6125e-09 0.000194996
6.625e-09 0.000200847
6.6375e-09 0.00020671
6.65e-09 0.000211739
6.6625e-09 0.000215351
6.675e-09 0.000217998
6.6875e-09 0.00022039
6.7e-09 0.000223241
6.7125e-09 0.000227033
6.725e-09 0.000231337
6.7375e-09 0.000235496
6.75e-09 0.000238854
6.7625e-09 0.000240894
6.775e-09 0.000241669
6.7875e-09 0.000241373
6.8e-09 0.000240198
6.8125e-09 0.000238354
6.825e-09 0.000236116
6.8375e-09 0.000233775
6.85e-09 0.000231621
6.8625e-09 0.000229972
6.875e-09 0.000229256
6.8875e-09 0.000229931
6.9e-09 0.000232451
6.9125e-09 0.000237036
6.925e-09 0.000242961
6.9375e-09 0.000249263
6.95e-09 0.00025498
6.9625e-09 0.000259263
6.975e-09 0.000261708
6.9875e-09 0.000262024
7e-09 0.000259921
7.0125e-09 0.000255375
7.025e-09 0.000249437
7.0375e-09 0.000243425
7.05e-09 0.000238656
7.0625e-09 0.000236144
7.075e-09 0.000235678
7.0875e-09 0.00023674
7.1e-09 0.000238814
7.1125e-09 0.000241423
7.125e-09 0.000244241
7.1375e-09 0.000246985
7.15e-09 0.000249368
7.1625e-09 0.000251222
7.175e-09 0.000252846
7.1875e-09 0.000254659
7.2e-09 0.000257075
7.2125e-09 0.000260308
7.225e-09 0.000263756
7.2375e-09 0.00026661
7.25e-09 0.000268063
7.2625e-09 0.000267568
7.275e-09 0.000265609
7.2875e-09 0.000262931
7.3e-09 0.000260277
7.3125e-09 0.000258211
7.325e-09 0.000256578
7.3375e-09 0.000255046
7.35e-09 0.000253281
7.3625e-09 0.000251059
7.375e-09 0.00024861
7.3875e-09 0.000246273
7.4e-09 0.000244387
7.4125e-09 0.000243245
7.425e-09 0.000242948
7.4375e-09 0.000243548
7.45e-09 0.000245099
7.4625e-09 0.000247496
7.475e-09 0.000250008
7.4875e-09 0.000251745
7.5e-09 0.000251818
7.5125e-09 0.000249645
7.525e-09 0.000245865
7.5375e-09 0.000241425
7.55e-09 0.000237273
7.5625e-09 0.000234181
7.575e-09 0.000232239
7.5875e-09 0.000231361
7.6e-09 0.000231462
7.6125e-09 0.000232377
7.625e-09 0.000233609
7.6375e-09 0.000234577
7.65e-09 0.000234704
7.6625e-09 0.000233586
7.675e-09 0.000231534
7.6875e-09 0.00022903
7.7e-09 0.000226561
7.7125e-09 0.000224572
7.725e-09 0.000223345
7.7375e-09 0.000223124
7.75e-09 0.00022415
7.7625e-09 0.000226443
7.775e-09 0.000229127
7.7875e-09 0.000231101
7.8e-09 0.000231265
7.8125e-09 0.000228874
7.825e-09 0.000224603
7.8375e-09 0.000219484
7.85e-09 0.000214545
7.8625e-09 0.000210617
7.875e-09 0.000207717
7.8875e-09 0.000205662
7.9e-09 0.000204269
7.9125e-09 0.000203374
7.925e-09 0.000202898
7.9375e-09 0.000202781
7.95e-09 0.000202964
7.9625e-09 0.000203399
7.975e-09 0.000204076
7.9875e-09 0.000204998
8e-09 0.000206166
8.0125e-09 0.000207515
8.025e-09 0.000208708
8.0375e-09 0.000209341
8.05e-09 0.000209012
8.0625e-09 0.000207499
8.075e-09 0.000205322
8.0875e-09 0.000203181
8.1e-09 0.000201779
8.1125e-09 0.000201655
8.125e-09 0.000202707
8.1375e-09 0.000204668
8.15e-09 0.000207273
8.1625e-09 0.000210236
8.175e-09 0.000213197
8.1875e-09 0.000215775
8.2e-09 0.000217589
8.2125e-09 0.000218394
8.225e-09 0.00021849
8.2375e-09 0.000218314
8.25e-09 0.0002183
8.2625e-09 0.000218821
8.275e-09 0.000219981
8.2875e-09 0.000221823
8.3e-09 0.000224387
8.3125e-09 0.000227652
8.325e-09 0.000231347
8.3375e-09 0.000235139
8.35e-09 0.000238696
8.3625e-09 0.000241773
8.375e-09 0.000244491
8.3875e-09 0.000247058
8.4e-09 0.000249684
8.4125e-09 0.000252465
8.425e-09 0.000255047
8.4375e-09 0.000256963
8.45e-09 0.000257747
8.4625e-09 0.000257136
8.475e-09 0.000255687
8.4875e-09 0.000254161
8.5e-09 0.00025332
8.5125e-09 0.000253709
8.525e-09 0.000255011
8.5375e-09 0.000256693
8.55e-09 0.000258221
8.5625e-09 0.00025917
8.575e-09 0.00025954
8.5875e-09 0.000259438
8.6e-09 0.000258972
8.6125e-09 0.000258269
8.625e-09 0.00025753
8.6375e-09 0.000256979
8.65e-09 0.000256838
8.6625e-09 0.000257256
8.675e-09 0.000258096
8.6875e-09 0.000259147
8.7e-09 0.000260198
8.7125e-09 0.000261044
8.725e-09 0.000261499
8.7375e-09 0.000261383
8.75e-09 0.000260514
8.7625e-09 0.00025878
8.775e-09 0.000256338
8.7875e-09 0.000253415
8.8e-09 0.000250237
8.8125e-09 0.000247022
8.825e-09 0.000243958
8.8375e-09 0.000241228
8.85e-09 0.000239012
8.8625e-09 0.000237402
8.875e-09 0.000236129
8.8875e-09 0.000234835
8.9e-09 0.000233162
8.9125e-09 0.000230854
8.925e-09 0.000228068
8.9375e-09 0.000225062
8.95e-09 0.000222095
8.9625e-09 0.000219403
8.975e-09 0.000217124
8.9875e-09 0.000215374
9e-09 0.000214269
9.0125e-09 0.000213866
9.025e-09 0.000213995
9.0375e-09 0.000214429
9.05e-09 0.000214941
9.0625e-09 0.000215343
9.075e-09 0.000215607
9.0875e-09 0.000215746
9.1e-09 0.000215771
9.1125e-09 0.00021569
9.125e-09 0.000215498
9.1375e-09 0.000215186
9.15e-09 0.000214743
9.1625e-09 0.00021422
9.175e-09 0.000213897
9.1875e-09 0.000214116
9.2e-09 0.000215217
9.2125e-09 0.000217402
9.225e-09 0.000220316
9.2375e-09 0.000223468
9.25e-09 0.000226364
9.2625e-09 0.000228578
9.275e-09 0.000229955
9.2875e-09 0.000230406
9.3e-09 0.000229842
9.3125e-09 0.000228309
9.325e-09 0.000226398
9.3375e-09 0.000224836
9.35e-09 0.000224348
9.3625e-09 0.000225422
9.375e-09 0.000227593
9.3875e-09 0.000230158
9.4e-09 0.000232411
9.4125e-09 0.000233756
9.425e-09 0.000234023
9.4375e-09 0.000233148
9.45e-09 0.000231067
9.4625e-09 0.000227841
9.475e-09 0.000224022
9.4875e-09 0.000220287
9.5e-09 0.000217312
9.5125e-09 0.000215645
9.525e-09 0.000215306
9.5375e-09 0.000216188
9.55e-09 0.000218182
9.5625e-09 0.000221045
9.575e-09 0.000223994
9.5875e-09 0.000226113
9.6e-09 0.000226482
9.6125e-09 0.000224552
9.625e-09 0.000221236
9.6375e-09 0.000217816
9.65e-09 0.000215573
9.6625e-09 0.000215431
9.675e-09 0.000216887
9.6875e-09 0.000219079
9.7e-09 0.000221146
9.7125e-09 0.000222393
9.725e-09 0.000222783
9.7375e-09 0.000222443
9.75e-09 0.000221502
9.7625e-09 0.000220218
9.775e-09 0.000219368
9.7875e-09 0.000219863
9.8e-09 0.000222609
9.8125e-09 0.000228031
9.825e-09 0.00023462
9.8375e-09 0.000240381
9.85e-09 0.00024332
9.8625e-09 0.000242062
9.875e-09 0.000237705
9.8875e-09 0.000231966
9.9e-09 0.000226561
9.9125e-09 0.000222877
9.925e-09 0.000220974
9.9375e-09 0.000220579
9.95e-09 0.000221423
9.9625e-09 0.000223123
9.975e-09 0.000224862
9.9875e-09 0.000225712
1e-08 0.000224743
1.00125e-08 0.000221402
1.0025e-08 0.000216627
1.00375e-08 0.000211731
1.005e-08 0.000208024
1.00625e-08 0.000206452
1.0075e-08 0.000206494
1.00875e-08 0.000207261
1.01e-08 0.000207866
1.01125e-08 0.000207699
1.0125e-08 0.000207273
1.01375e-08 0.000207381
1.015e-08 0.000208814
1.01625e-08 0.000212076
1.0175e-08 0.000216504
1.01875e-08 0.000221149
1.02e-08 0.000225059
1.02125e-08 0.000227469
1.0225e-08 0.000228355
1.02375e-08 0.00022788
1.025e-08 0.000226206
1.02625e-08 0.000223654
1.0275e-08 0.000221187
1.02875e-08 0.000219925
1.03e-08 0.000220988
1.03125e-08 0.000225022
1.0325e-08 0.000230765
1.03375e-08 0.000236481
1.035e-08 0.000240435
1.03625e-08 0.00024142
1.0375e-08 0.000240354
1.03875e-08 0.000238686
1.04e-08 0.000237866
1.04125e-08 0.000238953
1.0425e-08 0.000241452
1.04375e-08 0.00024448
1.045e-08 0.000247154
1.04625e-08 0.000248762
1.0475e-08 0.000249278
1.04875e-08 0.000248851
1.05e-08 0.000247628
1.05125e-08 0.000245838
1.0525e-08 0.000244034
1.05375e-08 0.000242851
1.055e-08 0.000242925
1.05625e-08 0.000244606
1.0575e-08 0.000247106
1.05875e-08 0.000249354
1.06e-08 0.000250277
1.06125e-08 0.000249136
1.0625e-08 0.000246528
1.06375e-08 0.000243383
1.065e-08 0.000240632
1.06625e-08 0.000238963
1.0675e-08 0.000238096
1.06875e-08 0.000237509
1.07e-08 0.00023668
1.07125e-08 0.000235246
1.0725e-08 0.000233484
1.07375e-08 0.000231827
1.075e-08 0.000230711
1.07625e-08 0.000230525
1.0775e-08 0.000231476
1.07875e-08 0.000233724
1.08e-08 0.000237431
1.08125e-08 0.000242565
1.0825e-08 0.000248321
1.08375e-08 0.000253701
1.085e-08 0.000257707
1.08625e-08 0.000259626
1.0875e-08 0.000259879
1.08875e-08 0.000259175
1.09e-08 0.000258221
1.09125e-08 0.000257491
1.0925e-08 0.000256521
1.09375e-08 0.000254612
1.095e-08 0.000251067
1.09625e-08 0.000245535
1.0975e-08 0.000239053
1.09875e-08 0.000233005
1.1e-08 0.000228775
1.10125e-08 0.000227337
1.1025e-08 0.000228024
1.10375e-08 0.000229759
1.105e-08 0.000231462
1.10625e-08 0.000232226
1.1075e-08 0.00023181
1.10875e-08 0.000230143
1.11e-08 0.000227154
1.11125e-08 0.000222966
1.1125e-08 0.000218481
1.11375e-08 0.000214795
1.115e-08 0.000213004
1.11625e-08 0.000213855
1.1175e-08 0.0002167
1.11875e-08 0.000220543
1.12e-08 0.000224387
1.12125e-08 0.000227393
1.1225e-08 0.000229348
1.12375e-08 0.000230196
1.125e-08 0.000229881
1.12625e-08 0.000228481
1.1275e-08 0.000226596
1.12875e-08 0.00022496
1.13e-08 0.000224308
1.13125e-08 0.00022511
1.1325e-08 0.00022678
1.13375e-08 0.000228469
1.135e-08 0.000229328
1.13625e-08 0.000228694
1.1375e-08 0.000226647
1.13875e-08 0.00022345
1.14e-08 0.000219368
1.14125e-08 0.000214756
1.1425e-08 0.000210329
1.14375e-08 0.000206894
1.145e-08 0.000205257
1.14625e-08 0.000205967
1.1475e-08 0.000208548
1.14875e-08 0.000212271
1.15e-08 0.000216403
1.15125e-08 0.000220269
1.1525e-08 0.000223417
1.15375e-08 0.000225449
1.155e-08 0.000225968
1.15625e-08 0.000224803
1.1575e-08 0.000222675
1.15875e-08 0.000220534
1.16e-08 0.000219328
1.16125e-08 0.000219741
1.1625e-08 0.000221406
1.16375e-08 0.000223692
1.165e-08 0.000225968
1.16625e-08 0.00022773
1.1675e-08 0.000228974
1.16875e-08 0.000229822
1.17e-08 0.000230395
1.17125e-08 0.000230855
1.1725e-08 0.000231517
1.17375e-08 0.000232734
1.175e-08 0.000234862
1.17625e-08 0.00023798
1.1775e-08 0.000241084
1.17875e-08 0.000242895
1.18e-08 0.000242134
1.18125e-08 0.000238072
1.1825e-08 0.000232174
1.18375e-08 0.000226454
1.185e-08 0.000222925
1.18625e-08 0.000223095
1.1875e-08 0.000226445
1.18875e-08 0.000231948
1.19e-08 0.000238577
1.19125e-08 0.000245299
1.1925e-08 0.000251053
1.19375e-08 0.000254768
1.195e-08 0.000255375
1.19625e-08 0.000252298
1.1975e-08 0.000246919
1.19875e-08 0.000241114
1.2e-08 0.000236759
1.20125e-08 0.000235208
1.2025e-08 0.000235738
1.20375e-08 0.000237105
1.205e-08 0.000238063
1.20625e-08 0.000237687
1.2075e-08 0.000236318
1.20875e-08 0.000234616
1.21e-08 0.000233241
1.21125e-08 0.000232716
1.2125e-08 0.000233021
1.21375e-08 0.000233999
1.215e-08 0.000235494
1.21625e-08 0.000237251
1.2175e-08 0.00023862
1.21875e-08 0.00023885
1.22e-08 0.000237194
1.22125e-08 0.00023324
1.2225e-08 0.000227935
1.22375e-08 0.000222566
1.225e-08 0.000218419
1.22625e-08 0.000216448
1.2275e-08 0.000216285
1.22875e-08 0.000217228
1.23e-08 0.000218577
1.23125e-08 0.000219694
1.2325e-08 0.000220187
1.23375e-08 0.000219727
1.235e-08 0.000217984
1.23625e-08 0.000214871
1.2375e-08 0.000211267
1.23875e-08 0.000208294
1.24e-08 0.000207075
1.24125e-08 0.000208362
1.2425e-08 0.000211434
1.24375e-08 0.000215203
1.245e-08 0.000218577
1.24625e-08 0.00022073
1.2475e-08 0.000221883
1.24875e-08 0.00022252
1.25e-08 0.000223122
1.25125e-08 0.000224108
1.2525e-08 0.000225627
1.25375e-08 0.000227761
1.255e-08 0.000230593
1.25625e-08 0.000234021
1.2575e-08 0.000237201
1.25875e-08 0.000239102
1.26e-08 0.000238696
1.26125e-08 0.000235388
1.2625e-08 0.000230329
1.26375e-08 0.000225105
1.265e-08 0.000221304
1.26625e-08 0.000220104
1.2675e-08 0.000221045
1.26875e-08 0.000223263
1.27e-08 0.000225889
1.27125e-08 0.00022816
1.2725e-08 0.000229715
1.27375e-08 0.000230296
1.275e-08 0.000229644
1.27625e-08 0.000227716
1.2775e-08 0.000225327
1.27875e-08 0.000223505
1.28e-08 0.000223281
1.28125e-08 0.000225314
1.2825e-08 0.000228794
1.28375e-08 0.000232541
1.285e-08 0.000235375
1.28625e-08 0.000236386
1.2875e-08 0.000235741
1.28875e-08 0.000233875
1.29e-08 0.000231225
1.29125e-08 0.000228221
1.2925e-08 0.000225263
1.29375e-08 0.000222747
1.295e-08 0.000221067
1.29625e-08 0.000220428
1.2975e-08 0.000220276
1.29875e-08 0.000219867
1.3e-08 0.000218458
1.30125e-08 0.000215594
1.3025e-08 0.000211964
1.30375e-08 0.000208548
1.305e-08 0.000206324
1.30625e-08 0.00020597
1.3075e-08 0.000206966
1.30875e-08 0.000208491
1.31e-08 0.000209723
1.31125e-08 0.00021009
1.3125e-08 0.000210004
1.31375e-08 0.000210123
1.315e-08 0.000211107
1.31625e-08 0.00021345
1.3175e-08 0.00021699
1.31875e-08 0.000221404
1.32e-08 0.000226364
1.32125e-08 0.000231433
1.3225e-08 0.000235725
1.32375e-08 0.000238241
1.325e-08 0.000237984
1.32625e-08 0.000234407
1.3275e-08 0.000228776
1.32875e-08 0.000222808
1.33e-08 0.000218221
1.33125e-08 0.000216287
1.3325e-08 0.000216488
1.33375e-08 0.000217862
1.335e-08 0.000219447
1.33625e-08 0.000220405
1.3375e-08 0.000220406
1.33875e-08 0.000219246
1.34e-08 0.000216719
1.34125e-08 0.000212853
1.3425e-08 0.000208593
1.34375e-08 0.000205116
1.345e-08 0.000203597
1.34625e-08 0.000204792
1.3475e-08 0.000207776
1.34875e-08 0.000211199
1.35e-08 0.000213715
1.35125e-08 0.000214322
1.3525e-08 0.000213397
1.35375e-08 0.000211663
1.355e-08 0.000209842
1.35625e-08 0.000208516
1.3575e-08 0.000207707
1.35875e-08 0.000207292
1.36e-08 0.000207154
1.36125e-08 0.00020712
1.3625e-08 0.000206814
1.36375e-08 0.000205809
1.365e-08 0.000203676
1.36625e-08 0.000200272
1.3675e-08 0.000196588
1.36875e-08 0.000193899
1.37e-08 0.000193478
1.37125e-08 0.000196173
1.3725e-08 0.000201112
1.37375e-08 0.000206998
1.375e-08 0.00021253
1.37625e-08 0.000216644
1.3775e-08 0.000219215
1.37875e-08 0.00022035
1.38e-08 0.000220158
1.38125e-08 0.000218741
1.3825e-08 0.000216173
1.38375e-08 0.000212525
1.385e-08 0.000207866
1.38625e-08 0.000202349
1.3875e-08 0.000196477
1.38875e-08 0.000190834
1.39e-08 0.000186008
1.39125e-08 0.000182488
1.3925e-08 0.000180379
1.39375e-08 0.000179692
1.395e-08 0.000180435
1.39625e-08 0.000182478
1.3975e-08 0.000185138
1.39875e-08 0.000187591
1.4e-08 0.000189012
1.40125e-08 0.000188885
1.4025e-08 0.000187921
1.40375e-08 0.000187137
1.405e-08 0.000187549
1.40625e-08 0.000189807
1.4075e-08 0.000193082
1.40875e-08 0.00019618
1.41e-08 0.000197905
1.41125e-08 0.000197471
1.4125e-08 0.000195732
1.41375e-08 0.000193953
1.415e-08 0.000193399
1.41625e-08 0.00019496
1.4175e-08 0.000198026
1.41875e-08 0.000201615
1.42e-08 0.000204743
1.42125e-08 0.000206619
1.4225e-08 0.000207218
1.42375e-08 0.000206708
1.425e-08 0.000205257
1.42625e-08 0.000203186
1.4275e-08 0.000201437
1.42875e-08 0.000201103
1.43e-08 0.000203281
1.43125e-08 0.000208542
1.4325e-08 0.000215375
1.43375e-08 0.000221743
1.435e-08 0.000225613
1.43625e-08 0.000225617
1.4375e-08 0.000223062
1.43875e-08 0.000219926
1.44e-08 0.000218182
1.44125e-08 0.000219249
1.4425e-08 0.000222316
1.44375e-08 0.000226013
1.445e-08 0.000228972
1.44625e-08 0.000230123
1.4475e-08 0.000229596
1.44875e-08 0.000227817
1.45e-08 0.000225217
1.45125e-08 0.000222289
1.4525e-08 0.00021979
1.45375e-08 0.000218542
1.455e-08 0.000219368
1.45625e-08 0.000222627
1.4575e-08 0.000226836
1.45875e-08 0.000230048
1.46e-08 0.000230316
1.46125e-08 0.000226351
1.4625e-08 0.000219482
1.46375e-08 0.000211696
1.465e-08 0.00020498
1.46625e-08 0.000200909
1.4675e-08 0.000199416
1.46875e-08 0.000200023
1.47e-08 0.000202253
1.47125e-08 0.000205584
1.4725e-08 0.000209325
1.47375e-08 0.000212742
1.475e-08 0.000215099
1.47625e-08 0.000215899
1.4775e-08 0.000215595
1.47875e-08 0.000214875
1.48e-08 0.000214427
1.48125e-08 0.000214747
1.4825e-08 0.000215553
1.48375e-08 0.000216369
1.485e-08 0.000216719
1.48625e-08 0.000216196
1.4875e-08 0.000214655
1.48875e-08 0.000212022
1.49e-08 0.000208221
1.49125e-08 0.000203311
1.4925e-08 0.000197887
1.49375e-08 0.000192679
1.495e-08 0.000188419
1.49625e-08 0.000185666
1.4975e-08 0.000184302
1.49875e-08 0.000184038
1.5e-08 0.000184585
1.50125e-08 0.000185688
1.5025e-08 0.000187226
1.50375e-08 0.000189114
1.505e-08 0.000191265
1.50625e-08 0.000193539
1.5075e-08 0.000195586
1.50875e-08 0.000197005
1.51e-08 0.000197391
1.51125e-08 0.000196494
1.5125e-08 0.000194662
1.51375e-08 0.000192397
1.515e-08 0.000190198
1.51625e-08 0.0001885
1.5175e-08 0.000187483
1.51875e-08 0.00018726
1.52e-08 0.000187945
1.52125e-08 0.000189521
1.5225e-08 0.000191452
1.52375e-08 0.000193072
1.525e-08 0.000193715
1.52625e-08 0.000192922
1.5275e-08 0.000191057
1.52875e-08 0.000188694
1.53e-08 0.000186403
1.53125e-08 0.000184597
1.5325e-08 0.000183045
1.53375e-08 0.000181353
1.535e-08 0.00017913
1.53625e-08 0.00017618
1.5375e-08 0.000173083
1.53875e-08 0.000170619
1.54e-08 0.000169565
1.54125e-08 0.000170444
1.5425e-08 0.000172764
1.54375e-08 0.000175777
1.545e-08 0.000178735
1.54625e-08 0.000181083
1.5475e-08 0.000183025
1.54875e-08 0.000184957
1.55e-08 0.000187273
1.55125e-08 0.000190247
1.5525e-08 0.000193668
1.55375e-08 0.000197201
1.555e-08 0.000200514
1.55625e-08 0.000203279
1.5575e-08 0.000205199
1.55875e-08 0.000205982
1.56e-08 0.000205336
1.56125e-08 0.000203116
1.5625e-08 0.00019976
1.56375e-08 0.000195852
1.565e-08 0.000191976
1.56625e-08 0.000188633
1.5675e-08 0.000185988
1.56875e-08 0.000184124
1.57e-08 0.000183123
1.57125e-08 0.000183031
1.5725e-08 0.000183754
1.57375e-08 0.000185159
1.575e-08 0.000187115
1.57625e-08 0.000189473
1.5775e-08 0.000192024
1.57875e-08 0.000194541
1.58e-08 0.000196798
1.58125e-08 0.000198632
1.5825e-08 0.000200131
1.58375e-08 0.000201446
1.585e-08 0.000202727
1.58625e-08 0.000204046
1.5875e-08 0.000205149
1.58875e-08 0.000205703
1.59e-08 0.000205376
1.59125e-08 0.000203989
1.5925e-08 0.000201996
1.59375e-08 0.000200002
1.595e-08 0.000198617
1.59625e-08 0.000198305
1.5975e-08 0.000198967
1.59875e-08 0.000200364
1.6e-08 0.000202253
1.60125e-08 0.000204345
1.6025e-08 0.000206151
1.60375e-08 0.000207135
1.605e-08 0.000206759
1.60625e-08 0.000204777
1.6075e-08 0.000202109
1.60875e-08 0.000199968
1.61e-08 0.000199565
1.61125e-08 0.000201673
1.6125e-08 0.000205308
1.61375e-08 0.000209045
1.615e-08 0.000211462
1.61625e-08 0.000211511
1.6175e-08 0.000209644
1.61875e-08 0.000206691
1.62e-08 0.000203478
1.62125e-08 0.000200829
1.6225e-08 0.000199539
1.62375e-08 0.000200396
1.625e-08 0.00020419
1.62625e-08 0.000211206
1.6275e-08 0.000219724
1.62875e-08 0.00022752
1.63e-08 0.000232372
1.63125e-08 0.000232733
1.6325e-08 0.000229771
1.63375e-08 0.000225333
1.635e-08 0.000221265
1.63625e-08 0.000219067
1.6375e-08 0.000218859
1.63875e-08 0.000220418
1.64e-08 0.000223518
1.64125e-08 0.000227729
1.6425e-08 0.000231799
1.64375e-08 0.000234267
1.645e-08 0.000233676
1.64625e-08 0.000229158
1.6475e-08 0.000222212
1.64875e-08 0.000214932
1.65e-08 0.000209407
1.65125e-08 0.000207194
1.6525e-08 0.000207702
1.65375e-08 0.000209804
1.655e-08 0.000212372
1.65625e-08 0.000214405
1.6575e-08 0.000215408
1.65875e-08 0.000215012
1.66e-08 0.000212846
1.66125e-08 0.000208769
1.6625e-08 0.00020355
1.66375e-08 0.000198186
1.665e-08 0.000193676
1.66625e-08 0.000190776
1.6675e-08 0.000189286
1.66875e-08 0.000188765
1.67e-08 0.000188775
1.67125e-08 0.000188972
1.6725e-08 0.000189411
1.67375e-08 0.000190243
1.675e-08 0.000191621
1.67625e-08 0.000193645
1.6775e-08 0.000196222
1.67875e-08 0.000199205
1.68e-08 0.000202451
1.68125e-08 0.00020581
1.6825e-08 0.000209121
1.68375e-08 0.00021222
1.685e-08 0.000214941
1.68625e-08 0.000217124
1.6875e-08 0.000218624
1.68875e-08 0.0002193
1.69e-08 0.000219012
1.69125e-08 0.000217676
1.6925e-08 0.000215441
1.69375e-08 0.000212511
1.695e-08 0.000209091
1.69625e-08 0.000205437
1.6975e-08 0.000202008
1.69875e-08 0.000199314
1.7e-08 0.000197866
1.70125e-08 0.000197964
1.7025e-08 0.000199076
1.70375e-08 0.000200463
1.705e-08 0.000201383
1.70625e-08 0.000201344
1.7075e-08 0.000200841
1.70875e-08 0.00020062
1.71e-08 0.000201423
1.71125e-08 0.000203737
1.7125e-08 0.000207019
1.71375e-08 0.000210467
1.715e-08 0.000213281
1.71625e-08 0.000214814
1.7175e-08 0.00021505
1.71875e-08 0.000214124
1.72e-08 0.000212174
1.72125e-08 0.000209501
1.7225e-08 0.000207056
1.72375e-08 0.000205955
1.725e-08 0.000207312
1.72625e-08 0.000211732
1.7275e-08 0.000217777
1.72875e-08 0.000223501
1.73e-08 0.000226957
1.73125e-08 0.000226741
1.7325e-08 0.000223629
1.73375e-08 0.00021894
1.735e-08 0.000213992
1.73625e-08 0.000209874
1.7375e-08 0.000206748
1.73875e-08 0.000204547
1.74e-08 0.000203202
1.74125e-08 0.000202557
1.7425e-08 0.000202109
1.74375e-08 0.000201269
1.745e-08 0.000199447
1.74625e-08 0.000196309
1.7475e-08 0.000192561
1.74875e-08 0.000189162
1.75e-08 0.000187075
1.75125e-08 0.000187003
1.7525e-08 0.000188616
1.75375e-08 0.000191326
1.755e-08 0.000194545
1.75625e-08 0.000197724
1.7575e-08 0.000200457
1.75875e-08 0.000202379
1.76e-08 0.000203123
1.76125e-08 0.000202508
1.7625e-08 0.000201099
1.76375e-08 0.000199644
1.765e-08 0.000198893
1.76625e-08 0.000199426
1.7675e-08 0.000201146
1.76875e-08 0.000203784
1.77e-08 0.000207075
1.77125e-08 0.000210717
1.7725e-08 0.000214274
1.77375e-08 0.000217275
1.775e-08 0.000219249
1.77625e-08 0.000219873
1.7775e-08 0.000219408
1.77875e-08 0.00021826
1.78e-08 0.000216838
1.78125e-08 0.000215499
1.7825e-08 0.000214405
1.78375e-08 0.000213668
1.785e-08 0.000213399
1.78625e-08 0.000213706
1.7875e-08 0.000214672
1.78875e-08 0.000216375
1.79e-08 0.000218893
1.79125e-08 0.000222205
1.7925e-08 0.00022589
1.79375e-08 0.000229426
1.795e-08 0.000232292
1.79625e-08 0.000234116
1.7975e-08 0.000235114
1.79875e-08 0.000235649
1.8e-08 0.000236087
1.80125e-08 0.000236619
1.8025e-08 0.000236752
1.80375e-08 0.000235822
1.805e-08 0.000233162
1.80625e-08 0.000228402
1.8075e-08 0.000222343
1.80875e-08 0.000216081
1.81e-08 0.000210711
1.81125e-08 0.000207143
1.8125e-08 0.000205544
1.81375e-08 0.000205896
1.815e-08 0.000208182
1.81625e-08 0.000212205
1.8175e-08 0.000217062
1.81875e-08 0.000221668
1.82e-08 0.000224941
1.82125e-08 0.000226099
1.8225e-08 0.000225567
1.82375e-08 0.000224069
1.825e-08 0.000222332
1.82625e-08 0.000220918
1.8275e-08 0.000219738
1.82875e-08 0.000218541
1.83e-08 0.000217075
1.83125e-08 0.000215227
1.8325e-08 0.000213431
1.83375e-08 0.000212262
1.835e-08 0.000212292
1.83625e-08 0.000213862
1.8375e-08 0.000216374
1.83875e-08 0.000219
1.84e-08 0.000220909
1.84125e-08 0.000221424
1.8425e-08 0.000220474
1.84375e-08 0.000218141
1.845e-08 0.000214506
1.84625e-08 0.000209801
1.8475e-08 0.000204853
1.84875e-08 0.000200641
1.85e-08 0.000198142
1.85125e-08 0.00019801
1.8525e-08 0.000199603
1.85375e-08 0.000201959
1.855e-08 0.000204111
1.85625e-08 0.000205354
1.8575e-08 0.000206016
1.85875e-08 0.000206684
1.86e-08 0.000207945
1.86125e-08 0.000210199
1.8625e-08 0.000213106
1.86375e-08 0.00021614
1.865e-08 0.000218775
1.86625e-08 0.00022065
1.8675e-08 0.000222065
1.86875e-08 0.000223485
1.87e-08 0.000225375
1.87125e-08 0.000228057
1.8725e-08 0.000231277
1.87375e-08 0.000234639
1.875e-08 0.000237747
1.87625e-08 0.000240272
1.8775e-08 0.000242155
1.87875e-08 0.000243405
1.88e-08 0.000244032
1.88125e-08 0.000244109
1.8825e-08 0.000243977
1.88375e-08 0.00024404
1.885e-08 0.000244704
1.88625e-08 0.000246215
1.8875e-08 0.000248193
1.88875e-08 0.000250095
1.89e-08 0.000251383
1.89125e-08 0.000251681
1.8925e-08 0.000251267
1.89375e-08 0.000250585
1.895e-08 0.000250079
1.89625e-08 0.000250078
1.8975e-08 0.000250451
1.89875e-08 0.000250954
1.9e-08 0.000251344
1.90125e-08 0.000251419
1.9025e-08 0.000251154
1.90375e-08 0.00025057
1.905e-08 0.000249684
1.90625e-08 0.000248538
1.9075e-08 0.000247259
1.90875e-08 0.000245997
1.91e-08 0.000244901
1.91125e-08 0.000244114
1.9125e-08 0.000243748
1.91375e-08 0.000243909
1.915e-08 0.000244704
1.91625e-08 0.000246191
1.9175e-08 0.000248248
1.91875e-08 0.000250707
1.92e-08 0.000253399
1.92125e-08 0.000256124
1.9225e-08 0.000258552
1.92375e-08 0.00026032
1.925e-08 0.000261067
1.92625e-08 0.000260583
1.9275e-08 0.000259265
1.92875e-08 0.000257662
1.93e-08 0.000256324
1.93125e-08 0.000255677
1.9325e-08 0.000255653
1.93375e-08 0.000256064
1.935e-08 0.000256719
1.93625e-08 0.000257443
1.9375e-08 0.000258113
1.93875e-08 0.000258619
1.94e-08 0.000258854
1.94125e-08 0.000258766
1.9425e-08 0.000258541
1.94375e-08 0.000258423
1.945e-08 0.000258656
1.94625e-08 0.000259407
1.9475e-08 0.000260539
1.94875e-08 0.000261835
1.95e-08 0.000263083
1.95125e-08 0.000264027
1.9525e-08 0.00026425
1.95375e-08 0.000263297
1.955e-08 0.000260711
1.95625e-08 0.000256266
1.9575e-08 0.000250652
1.95875e-08 0.000244792
1.96e-08 0.000239605
1.96125e-08 0.000235944
1.9625e-08 0.00023439
1.96375e-08 0.000235453
1.965e-08 0.000239644
1.96625e-08 0.000247082
1.9675e-08 0.000256308
1.96875e-08 0.000265474
1.97e-08 0.000272727
1.97125e-08 0.000276713
1.9725e-08 0.00027805
1.97375e-08 0.000277852
1.975e-08 0.000277233
1.97625e-08 0.00027714
1.9775e-08 0.000277847
1.97875e-08 0.000279463
1.98e-08 0.000282095
1.98125e-08 0.000285714
1.9825e-08 0.000289747
1.98375e-08 0.000293481
1.985e-08 0.000296205
1.98625e-08 0.000297414
1.9875e-08 0.00029742
1.98875e-08 0.000296739
1.99e-08 0.000295889
1.99125e-08 0.000295258
1.9925e-08 0.000294714
1.99375e-08 0.000293997
1.995e-08 0.000292846
1.99625e-08 0.000291061
1.9975e-08 0.000288693
1.99875e-08 0.000285851
2e-08 0.000282648
2.00125e-08 0.000279274
2.0025e-08 0.000276241
2.00375e-08 0.000274138
2.005e-08 0.000273557
2.00625e-08 0.000274796
2.0075e-08 0.000276977
2.00875e-08 0.00027893
2.01e-08 0.000279486
2.01125e-08 0.000277876
2.0125e-08 0.000274938
2.01375e-08 0.000271912
2.015e-08 0.00027004
2.01625e-08 0.000270216
2.0175e-08 0.000271963
2.01875e-08 0.000274457
2.02e-08 0.000276877
2.02125e-08 0.000278513
2.0225e-08 0.000279108
2.02375e-08 0.000278519
2.025e-08 0.000276601
2.02625e-08 0.000273359
2.0275e-08 0.000269395
2.02875e-08 0.000265456
2.03e-08 0.000262292
2.03125e-08 0.000260455
2.0325e-08 0.000259701
2.03375e-08 0.00025959
2.035e-08 0.000259684
2.03625e-08 0.000259638
2.0375e-08 0.000259505
2.03875e-08 0.000259431
2.04e-08 0.000259565
2.04125e-08 0.000260009
2.0425e-08 0.000260679
2.04375e-08 0.000261444
2.045e-08 0.000262174
2.04625e-08 0.000262732
2.0475e-08 0.000262961
2.04875e-08 0.000262697
2.05e-08 0.000261779
2.05125e-08 0.00026016
2.0525e-08 0.000258268
2.05375e-08 0.00025665
2.055e-08 0.00025585
2.05625e-08 0.000256153
2.0575e-08 0.000256801
2.05875e-08 0.000256776
2.06e-08 0.000255059
2.06125e-08 0.000251001
2.0625e-08 0.000245435
2.06375e-08 0.000239562
2.065e-08 0.000234585
2.06625e-08 0.000231441
2.0675e-08 0.000230006
2.06875e-08 0.000229892
2.07e-08 0.000230711
2.07125e-08 0.000232128
2.0725e-08 0.000234017
2.07375e-08 0.000236309
2.075e-08 0.000238933
2.07625e-08 0.000241775
2.0775e-08 0.000244557
2.07875e-08 0.000246958
2.08e-08 0.000248656
2.08125e-08 0.000249388
2.0825e-08 0.000249114
2.08375e-08 0.00024785
2.085e-08 0.000245613
2.08625e-08 0.000242521
2.0875e-08 0.000239098
2.08875e-08 0.000235967
2.09e-08 0.000233755
2.09125e-08 0.00023294
2.0925e-08 0.000233419
2.09375e-08 0.000234946
2.095e-08 0.000237273
2.09625e-08 0.000240058
2.0975e-08 0.000242586
2.09875e-08 0.000244049
2.1e-08 0.000243636
2.10125e-08 0.000240893
2.1025e-08 0.000236775
2.10375e-08 0.000232589
2.105e-08 0.000229644
2.10625e-08 0.00022892
2.1075e-08 0.000230078
2.10875e-08 0.000232452
2.11e-08 0.000235375
2.11125e-08 0.000238121
2.1125e-08 0.000239713
2.11375e-08 0.000239117
2.115e-08 0.000235296
2.11625e-08 0.000227816
2.1175e-08 0.000218639
2.11875e-08 0.000210331
2.12e-08 0.000205455
2.12125e-08 0.000205806
2.1225e-08 0.000210107
2.12375e-08 0.000216311
2.125e-08 0.000222372
2.12625e-08 0.000226587
2.1275e-08 0.000228639
2.12875e-08 0.000228555
2.13e-08 0.000226364
2.13125e-08 0.000222334
2.1325e-08 0.000217704
2.13375e-08 0.000213955
2.135e-08 0.000212569
2.13625e-08 0.000214507
2.1375e-08 0.000218654
2.13875e-08 0.000223375
2.14e-08 0.000227036
2.14125e-08 0.000228442
2.1425e-08 0.000228165
2.14375e-08 0.000227215
2.145e-08 0.000226601
2.14625e-08 0.000227106
2.1475e-08 0.000228596
2.14875e-08 0.000230709
2.15e-08 0.000233083
2.15125e-08 0.000235401
2.1525e-08 0.00023753
2.15375e-08 0.000239382
2.155e-08 0.00024087
2.15625e-08 0.000241973
2.1575e-08 0.000242949
2.15875e-08 0.00024412
2.16e-08 0.00024581
2.16125e-08 0.000248203
2.1625e-08 0.000250916
2.16375e-08 0.000253428
2.165e-08 0.000255217
2.16625e-08 0.000255931
2.1675e-08 0.000255896
2.16875e-08 0.000255611
2.17e-08 0.000255573
2.17125e-08 0.000256141
2.1725e-08 0.000257119
2.17375e-08 0.000258174
2.175e-08 0.000258972
2.17625e-08 0.000259252
2.1775e-08 0.000259033
2.17875e-08 0.000258409
2.18e-08 0.00025747
2.18125e-08 0.000256308
2.1825e-08 0.000255
2.18375e-08 0.000253623
2.185e-08 0.000252253
2.18625e-08 0.000250967
2.1875e-08 0.000249845
2.18875e-08 0.000248969
2.19e-08 0.000248419
2.19125e-08 0.000248223
2.1925e-08 0.000248194
2.19375e-08 0.000248089
2.195e-08 0.000247668
2.19625e-08 0.000246835
2.1975e-08 0.000246076
2.19875e-08 0.000246024
2.2e-08 0.000247312
2.20125e-08 0.00025036
2.2025e-08 0.000254736
2.20375e-08 0.000259797
2.205e-08 0.000264901
2.20625e-08 0.000269472
2.2075e-08 0.000273208
2.20875e-08 0.000275873
2.21e-08 0.000277233
2.21125e-08 0.000277227
2.2125e-08 0.00027648
2.21375e-08 0.000275794
2.215e-08 0.000275968
2.21625e-08 0.000277512
2.2175e-08 0.000279779
2.21875e-08 0.000281829
2.22e-08 0.000282727
2.22125e-08 0.000281797
2.2225e-08 0.000279415
2.22375e-08 0.000276219
2.225e-08 0.000272846
2.22625e-08 0.000269866
2.2275e-08 0.000267576
2.22875e-08 0.000266201
2.23e-08 0.000265968
2.23125e-08 0.000266938
2.2325e-08 0.000268503
2.23375e-08 0.000269887
2.235e-08 0.000270316
2.23625e-08 0.000269207
2.2375e-08 0.000266742
2.23875e-08 0.000263298
2.24e-08 0.000259249
2.24125e-08 0.000254983
2.2425e-08 0.000250937
2.24375e-08 0.000247559
2.245e-08 0.000245296
2.24625e-08 0.000244412
2.2475e-08 0.000244421
2.24875e-08 0.00024465
2.25e-08 0.000244427
2.25125e-08 0.000243291
2.2525e-08 0.000241627
2.25375e-08 0.000240029
2.255e-08 0.000239091
2.25625e-08 0.000239292
2.2575e-08 0.000240642
2.25875e-08 0.000243035
2.26e-08 0.000246364
2.26125e-08 0.00025042
2.2625e-08 0.000254588
2.26375e-08 0.000258152
2.265e-08 0.000260395
2.26625e-08 0.000260822
2.2675e-08 0.000259824
2.26875e-08 0.000258015
2.27e-08 0.000256008
2.27125e-08 0.000254311
2.2725e-08 0.000253008
2.27375e-08 0.000252079
2.275e-08 0.000251502
2.27625e-08 0.000251268
2.2775e-08 0.000251414
2.27875e-08 0.000251989
2.28e-08 0.000253043
2.28125e-08 0.000254548
2.2825e-08 0.000256163
2.28375e-08 0.000257474
2.285e-08 0.000258063
2.28625e-08 0.000257646
2.2875e-08 0.000256458
2.28875e-08 0.000254867
2.29e-08 0.000253241
2.29125e-08 0.000251868
2.2925e-08 0.000250722
2.29375e-08 0.000249699
2.295e-08 0.000248696
2.29625e-08 0.000247638
2.2975e-08 0.000246574
2.29875e-08 0.000245583
2.3e-08 0.000244743
2.30125e-08 0.000244192
2.3025e-08 0.00024431
2.30375e-08 0.000245533
2.305e-08 0.0002483
2.30625e-08 0.000252796
2.3075e-08 0.000258183
2.30875e-08 0.000263372
2.31e-08 0.000267273
2.31125e-08 0.000269098
2.3125e-08 0.000269273
2.31375e-08 0.000268527
2.315e-08 0.000267589
2.31625e-08 0.000267001
2.3175e-08 0.000266554
2.31875e-08 0.000265854
2.32e-08 0.000264506
2.32125e-08 0.000262275
2.3225e-08 0.000259566
2.32375e-08 0.000256946
2.325e-08 0.00025498
2.32625e-08 0.000254125
2.3275e-08 0.000254392
2.32875e-08 0.000255685
2.33e-08 0.000257905
2.33125e-08 0.000260927
2.3325e-08 0.00026451
2.33375e-08 0.000268388
2.335e-08 0.000272292
2.33625e-08 0.000275995
2.3375e-08 0.000279425
2.33875e-08 0.00028255
2.34e-08 0.000285336
2.34125e-08 0.00028771
2.3425e-08 0.000289429
2.34375e-08 0.000290208
2.345e-08 0.000289763
2.34625e-08 0.000287999
2.3475e-08 0.000285586
2.34875e-08 0.000283384
2.35e-08 0.000282253
2.35125e-08 0.000282799
2.3525e-08 0.00028461
2.35375e-08 0.000287022
2.355e-08 0.000289368
2.35625e-08 0.000291052
2.3575e-08 0.000291763
2.35875e-08 0.000291256
2.36e-08 0.000289289
2.36125e-08 0.00028579
2.3625e-08 0.000281376
2.36375e-08 0.000276838
2.365e-08 0.000272964
2.36625e-08 0.000270326
2.3675e-08 0.000268616
2.36875e-08 0.000267312
2.37e-08 0.000265889
2.37125e-08 0.000263917
2.3725e-08 0.000261337
2.37375e-08 0.000258188
2.375e-08 0.000254506
2.37625e-08 0.000250407
2.3775e-08 0.000246331
2.37875e-08 0.000242794
2.38e-08 0.000240316
2.38125e-08 0.000239242
2.3825e-08 0.000239225
2.38375e-08 0.000239743
2.385e-08 0.000240277
2.38625e-08 0.000240412
2.3875e-08 0.000240165
2.38875e-08 0.000239657
2.39e-08 0.000239012
2.39125e-08 0.000238416
2.3925e-08 0.000238313
2.39375e-08 0.000239212
2.395e-08 0.000241621
2.39625e-08 0.000245735
2.3975e-08 0.000250504
2.39875e-08 0.000254567
2.4e-08 0.000256561
2.40125e-08 0.000255507
2.4025e-08 0.000251956
2.40375e-08 0.000246845
2.405e-08 0.000241107
2.40625e-08 0.000235637
2.4075e-08 0.000231171
2.40875e-08 0.000228402
2.41e-08 0.000228024
2.41125e-08 0.000230385
2.4125e-08 0.000234451
2.41375e-08 0.000238841
2.415e-08 0.000242174
2.41625e-08 0.000243447
2.4175e-08 0.000243168
2.41875e-08 0.000242224
2.42e-08 0.000241502
2.42125e-08 0.000241681
2.4225e-08 0.00024262
2.42375e-08 0.000243967
2.425e-08 0.000245376
2.42625e-08 0.000246556
2.4275e-08 0.000247465
2.42875e-08 0.00024812
2.43e-08 0.000248538
2.43125e-08 0.000248775
2.4325e-08 0.000249046
2.43375e-08 0.000249607
2.435e-08 0.000250711
2.43625e-08 0.000252519
2.4375e-08 0.000254808
2.43875e-08 0.000257263
2.44e-08 0.000259565
2.44125e-08 0.000261494
2.4425e-08 0.000263208
2.44375e-08 0.000264958
2.445e-08 0.000266996
2.44625e-08 0.000269445
2.4475e-08 0.000271906
2.44875e-08 0.000273848
2.45e-08 0.000274743
2.45125e-08 0.000274251
2.4525e-08 0.000272795
2.45375e-08 0.000270989
2.455e-08 0.000269447
2.45625e-08 0.000268682
2.4575e-08 0.000268807
2.45875e-08 0.000269835
2.46e-08 0.000271779
2.46125e-08 0.000274533
2.4625e-08 0.000277524
2.46375e-08 0.000280064
2.465e-08 0.000281462
2.46625e-08 0.000281234
2.4675e-08 0.000279711
2.46875e-08 0.000277434
2.47e-08 0.000274941
2.47125e-08 0.000272731
2.4725e-08 0.000271154
2.47375e-08 0.000270522
2.475e-08 0.000271146
2.47625e-08 0.000273185
2.4775e-08 0.000276185
2.47875e-08 0.000279541
2.48e-08 0.000282648
2.48125e-08 0.000284973
2.4825e-08 0.000286271
2.48375e-08 0.00028637
2.485e-08 0.000285099
2.48625e-08 0.000282438
2.4875e-08 0.000278975
2.48875e-08 0.000275452
2.49e-08 0.000272609
2.49125e-08 0.000271076
2.4925e-08 0.000271045
2.49375e-08 0.000272596
2.495e-08 0.00027581
2.49625e-08 0.000280547
2.4975e-08 0.000285779
2.49875e-08 0.000290255
2.5e-08 0.000292727
2.50125e-08 0.000292274
2.5025e-08 0.000289285
2.50375e-08 0.00028448
2.505e-08 0.000278577
2.50625e-08 0.000272315
2.5075e-08 0.000266509
2.50875e-08 0.000261994
2.51e-08 0.000259605
2.51125e-08 0.000259904
2.5125e-08 0.00026237
2.51375e-08 0.00026621
2.515e-08 0.000270632
2.51625e-08 0.000274831
2.5175e-08 0.000277953
2.51875e-08 0.000279135
2.52e-08 0.00027751
2.52125e-08 0.000272683
2.5225e-08 0.000266133
2.52375e-08 0.000259807
2.525e-08 0.000255652
2.52625e-08 0.000255053
2.5275e-08 0.00025714
2.52875e-08 0.000260478
2.53e-08 0.000263636
2.53125e-08 0.000265389
2.5325e-08 0.000265348
2.53375e-08 0.000263335
2.535e-08 0.00025917
2.53625e-08 0.000252914
2.5375e-08 0.000245583
2.53875e-08 0.000238436
2.54e-08 0.000232727
2.54125e-08 0.000229402
2.5425e-08 0.000228149
2.54375e-08 0.000228345
2.545e-08 0.000229368
2.54625e-08 0.000230659
2.5475e-08 0.000231934
2.54875e-08 0.000232973
2.55e-08 0.000233557
2.55125e-08 0.000233518
2.5525e-08 0.000232889
2.55375e-08 0.000231754
2.555e-08 0.000230198
2.55625e-08 0.00022837
2.5575e-08 0.000226683
2.55875e-08 0.000225618
2.56e-08 0.000225652
2.56125e-08 0.000227092
2.5625e-08 0.000229548
2.56375e-08 0.000232457
2.565e-08 0.000235257
2.56625e-08 0.000237483
2.5675e-08 0.000239063
2.56875e-08 0.000240025
2.57e-08 0.000240395
2.57125e-08 0.000240264
2.5725e-08 0.000239971
2.57375e-08 0.00023992
2.575e-08 0.000240514
2.57625e-08 0.000241963
2.5775e-08 0.00024371
2.57875e-08 0.000245005
2.58e-08 0.000245099
2.58125e-08 0.000243541
2.5825e-08 0.000241078
2.58375e-08 0.000238759
2.585e-08 0.000237628
2.58625e-08 0.00023846
2.5875e-08 0.000240929
2.58875e-08 0.000244435
2.59e-08 0.000248379
2.59125e-08 0.000252171
2.5925e-08 0.000255256
2.59375e-08 0.000257085
2.595e-08 0.000257115
2.59625e-08 0.000255072
2.5975e-08 0.000251789
2.59875e-08 0.000248373
2.6e-08 0.000245929
2.60125e-08 0.000245271
2.6025e-08 0.000246036
2.60375e-08 0.000247568
2.605e-08 0.000249209
2.60625e-08 0.000250425
2.6075e-08 0.000251165
2.60875e-08 0.0002515
2.61e-08 0.000251502
2.61125e-08 0.000251216
2.6125e-08 0.000250587
2.61375e-08 0.000249537
2.615e-08 0.000247984
2.61625e-08 0.000245968
2.6175e-08 0.000243995
2.61875e-08 0.000242693
2.62e-08 0.000242688
2.62125e-08 0.00024435
2.6225e-08 0.000247033
2.62375e-08 0.000249836
2.625e-08 0.000251858
2.62625e-08 0.000252444
2.6275e-08 0.000251929
2.62875e-08 0.000250895
2.63e-08 0.000249921
2.63125e-08 0.00024951
2.6325e-08 0.000249845
2.63375e-08 0.000251028
2.635e-08 0.000253162
2.63625e-08 0.000256237
2.6375e-08 0.000259789
2.63875e-08 0.000263238
2.64e-08 0.000266008
2.64125e-08 0.000267618
2.6425e-08 0.000267977
2.64375e-08 0.000267096
2.645e-08 0.00026498
2.64625e-08 0.000261737
2.6475e-08 0.000257862
2.64875e-08 0.000253949
2.65e-08 0.000250593
2.65125e-08 0.000248187
2.6525e-08 0.00024633
2.65375e-08 0.000244421
2.655e-08 0.000241858
2.65625e-08 0.000238304
2.6575e-08 0.00023448
2.65875e-08 0.000231371
2.66e-08 0.00022996
2.66125e-08 0.000230878
2.6625e-08 0.000233333
2.66375e-08 0.000236176
2.665e-08 0.000238261
2.66625e-08 0.000238658
2.6675e-08 0.000237308
2.66875e-08 0.000234369
2.67e-08 0.00023
2.67125e-08 0.000224587
2.6725e-08 0.000219432
2.67375e-08 0.000216062
2.675e-08 0.000216008
2.67625e-08 0.000220208
2.6775e-08 0.000227243
2.67875e-08 0.000235103
2.68e-08 0.000241779
2.68125e-08 0.000245693
2.6825e-08 0.000246998
2.68375e-08 0.000246276
2.685e-08 0.000244111
2.68625e-08 0.000241086
2.6875e-08 0.000237793
2.68875e-08 0.000234823
2.69e-08 0.000232767
2.69125e-08 0.000231975
2.6925e-08 0.000231829
2.69375e-08 0.00023147
2.695e-08 0.00023004
2.69625e-08 0.000226945
2.6975e-08 0.000222667
2.69875e-08 0.000217955
2.7e-08 0.000213557
2.70125e-08 0.000210131
2.7025e-08 0.000207967
2.70375e-08 0.000207264
2.705e-08 0.000208221
2.70625e-08 0.00021091
2.7075e-08 0.000214887
2.70875e-08 0.000219583
2.71e-08 0.000224427
2.71125e-08 0.000228916
2.7125e-08 0.000232821
2.71375e-08 0.000235976
2.715e-08 0.000238221
2.71625e-08 0.000239415
2.7175e-08 0.000239513
2.71875e-08 0.00023849
2.72e-08 0.000236324
2.72125e-08 0.000233192
2.7225e-08 0.000230068
2.72375e-08 0.000228125
2.725e-08 0.000228538
2.72625e-08 0.000232057
2.7275e-08 0.00023775
2.72875e-08 0.000244262
2.73e-08 0.000250237
2.73125e-08 0.000254501
2.7325e-08 0.000256599
2.73375e-08 0.000256257
2.735e-08 0.000253202
2.73625e-08 0.000247503
2.7375e-08 0.000240612
2.73875e-08 0.000234324
2.74e-08 0.000230435
2.74125e-08 0.00023021
2.7425e-08 0.000232797
2.74375e-08 0.000236811
2.745e-08 0.00024087
2.74625e-08 0.000243857
2.7475e-08 0.000245727
2.74875e-08 0.000246699
2.75e-08 0.000246996
2.75125e-08 0.000246872
2.7525e-08 0.000246723
2.75375e-08 0.000246976
2.755e-08 0.000248063
2.75625e-08 0.000250202
2.7575e-08 0.000252769
2.75875e-08 0.000254929
2.76e-08 0.00025585
2.76125e-08 0.00025497
2.7625e-08 0.000252825
2.76375e-08 0.000250227
2.765e-08 0.000247984
2.76625e-08 0.000246718
2.7675e-08 0.000246286
2.76875e-08 0.000246357
2.77e-08 0.000246601
2.77125e-08 0.000246779
2.7725e-08 0.000247027
2.77375e-08 0.000247577
2.775e-08 0.000248656
2.77625e-08 0.000250366
2.7775e-08 0.000252285
2.77875e-08 0.000253862
2.78e-08 0.000254545
2.78125e-08 0.000253994
2.7825e-08 0.000252697
2.78375e-08 0.000251357
2.785e-08 0.000250672
2.78625e-08 0.000251165
2.7875e-08 0.000252647
2.78875e-08 0.000254752
2.79e-08 0.000257115
2.79125e-08 0.00025934
2.7925e-08 0.000260928
2.79375e-08 0.000261351
2.795e-08 0.000260079
2.79625e-08 0.000256831
2.7975e-08 0.000252305
2.79875e-08 0.000247447
2.8e-08 0.000243202
2.80125e-08 0.000240314
2.8025e-08 0.00023873
2.80375e-08 0.000238197
2.805e-08 0.000238459
2.80625e-08 0.000239316
2.8075e-08 0.000240782
2.80875e-08 0.000242925
2.81e-08 0.00024581
2.81125e-08 0.000249418
2.8125e-08 0.000253377
2.81375e-08 0.000257229
2.815e-08 0.000260514
2.81625e-08 0.000262818
2.8175e-08 0.000263905
2.81875e-08 0.000263583
2.82e-08 0.00026166
2.82125e-08 0.000258158
2.8225e-08 0.000253949
2.82375e-08 0.000250117
2.825e-08 0.000247747
2.82625e-08 0.000247589
2.8275e-08 0.000249055
2.82875e-08 0.00025122
2.83e-08 0.000253162
2.83125e-08 0.000254135
2.8325e-08 0.000254106
2.83375e-08 0.00025322
2.835e-08 0.000251621
2.83625e-08 0.00024947
2.8375e-08 0.000246996
2.83875e-08 0.000244443
2.84e-08 0.000242055
2.84125e-08 0.000240113
2.8425e-08 0.000239037
2.84375e-08 0.000239282
2.845e-08 0.000241304
2.84625e-08 0.000245298
2.8475e-08 0.000250413
2.84875e-08 0.000255539
2.85e-08 0.000259565
2.85125e-08 0.000261624
2.8525e-08 0.000261824
2.85375e-08 0.00026052
2.855e-08 0.000258063
2.85625e-08 0.000254886
2.8575e-08 0.000251731
2.85875e-08 0.00024942
2.86e-08 0.000248775
2.86125e-08 0.000250281
2.8625e-08 0.000253076
2.86375e-08 0.000255964
2.865e-08 0.000257747
2.86625e-08 0.000257517
2.8675e-08 0.000255524
2.86875e-08 0.000252311
2.87e-08 0.000248419
2.87125e-08 0.000244409
2.8725e-08 0.000240923
2.87375e-08 0.000238626
2.875e-08 0.000238182
2.87625e-08 0.00024005
2.8775e-08 0.000243881
2.87875e-08 0.000249121
2.88e-08 0.000255217
2.88125e-08 0.000261541
2.8825e-08 0.00026716
2.88375e-08 0.000271067
2.885e-08 0.000272253
2.88625e-08 0.000270094
2.8875e-08 0.000265498
2.88875e-08 0.000259753
2.89e-08 0.00025415
2.89125e-08 0.000249723
2.8925e-08 0.000246481
2.89375e-08 0.000244179
2.895e-08 0.000242569
2.89625e-08 0.000241384
2.8975e-08 0.000240266
2.89875e-08 0.000238838
2.9e-08 0.000236719
2.90125e-08 0.000233734
2.9025e-08 0.000230512
2.90375e-08 0.000227883
2.905e-08 0.00022668
2.90625e-08 0.000227466
2.9075e-08 0.000229741
2.90875e-08 0.000232739
2.91e-08 0.000235692
2.91125e-08 0.00023796
2.9125e-08 0.000239412
2.91375e-08 0.000240041
2.915e-08 0.000239842
2.91625e-08 0.000238823
2.9175e-08 0.000237048
2.91875e-08 0.000234595
2.92e-08 0.000231542
2.92125e-08 0.000228062
2.9225e-08 0.000224717
2.92375e-08 0.000222166
2.925e-08 0.000221067
2.92625e-08 0.00022181
2.9275e-08 0.000223709
2.92875e-08 0.000225808
2.93e-08 0.000227154
2.93125e-08 0.000227058
2.9325e-08 0.000225898
2.93375e-08 0.000224319
2.935e-08 0.000222964
2.93625e-08 0.000222375
2.9375e-08 0.000222674
2.93875e-08 0.000223878
2.94e-08 0.000226008
2.94125e-08 0.00022891
2.9425e-08 0.000231747
2.94375e-08 0.000233514
2.945e-08 0.000233202
2.94625e-08 0.000230196
2.9475e-08 0.000225455
2.94875e-08 0.000220328
2.95e-08 0.000216166
2.95125e-08 0.000214048
2.9525e-08 0.000213971
2.95375e-08 0.000215664
2.955e-08 0.000218854
2.95625e-08 0.00022313
2.9575e-08 0.000227534
2.95875e-08 0.000230967
2.96e-08 0.000232332
2.96125e-08 0.000230934
2.9625e-08 0.000227691
2.96375e-08 0.000223923
2.965e-08 0.000220949
2.96625e-08 0.000219737
2.9675e-08 0.000219848
2.96875e-08 0.000220489
2.97e-08 0.00022087
2.97125e-08 0.000220352
2.9725e-08 0.000218925
2.97375e-08 0.000216731
2.975e-08 0.000213913
2.97625e-08 0.000210738
2.9775e-08 0.000207965
2.97875e-08 0.000206477
2.98e-08 0.000207154
2.98125e-08 0.000210463
2.9825e-08 0.000215202
2.98375e-08 0.000219751
2.985e-08 0.00022249
2.98625e-08 0.000222232
2.9875e-08 0.000219512
2.98875e-08 0.000215297
2.99e-08 0.000210553
2.99125e-08 0.000206113
2.9925e-08 0.000202268
2.99375e-08 0.000199176
2.995e-08 0.000196996
2.99625e-08 0.000195863
2.9975e-08 0.000195824
2.99875e-08 0.000196905
3e-08 0.00019913
3.00125e-08 0.000202472
3.0025e-08 0.000206683
3.00375e-08 0.000211467
3.005e-08 0.000216522
3.00625e-08 0.000221553
3.0075e-08 0.000226276
3.00875e-08 0.000230411
3.01e-08 0.000233676
3.01125e-08 0.000235918
3.0125e-08 0.000237496
3.01375e-08 0.000238892
3.015e-08 0.000240593
3.01625e-08 0.000242964
3.0175e-08 0.000245901
3.01875e-08 0.000249177
3.02e-08 0.000252569
3.02125e-08 0.000255752
3.0225e-08 0.000257998
3.02375e-08 0.000258478
3.025e-08 0.000256364
3.02625e-08 0.000251297
3.0275e-08 0.000244801
3.02875e-08 0.000238869
3.03e-08 0.000235494
3.03125e-08 0.000236122
3.0325e-08 0.000240003
3.03375e-08 0.000245839
3.035e-08 0.000252332
3.03625e-08 0.000258339
3.0375e-08 0.000263343
3.03875e-08 0.000266982
3.04e-08 0.000268893
3.04125e-08 0.000268866
3.0425e-08 0.000267295
3.04375e-08 0.000264724
3.045e-08 0.0002617
3.04625e-08 0.000258683
3.0475e-08 0.000255806
3.04875e-08 0.00025312
3.05e-08 0.000250672
3.05125e-08 0.000248489
3.0525e-08 0.000246505
3.05375e-08 0.000244627
3.055e-08 0.000242767
3.05625e-08 0.000240899
3.0575e-08 0.000239266
3.05875e-08 0.000238178
3.06e-08 0.000237945
3.06125e-08 0.000238712
3.0625e-08 0.000239978
3.06375e-08 0.000241077
3.065e-08 0.000241344
3.06625e-08 0.000240352
3.0675e-08 0.000238628
3.06875e-08 0.000236938
3.07e-08 0.000236047
3.07125e-08 0.000236514
3.0725e-08 0.000238064
3.07375e-08 0.000240217
3.075e-08 0.00024249
3.07625e-08 0.000244479
3.0775e-08 0.000246081
3.07875e-08 0.000247271
3.08e-08 0.000248024
3.08125e-08 0.000248356
3.0825e-08 0.000248461
3.08375e-08 0.000248575
3.085e-08 0.000248933
3.08625e-08 0.000249686
3.0875e-08 0.000250642
3.08875e-08 0.000251524
3.09e-08 0.000252055
3.09125e-08 0.00025206
3.0925e-08 0.000251772
3.09375e-08 0.000251527
3.095e-08 0.00025166
3.09625e-08 0.000252384
3.0975e-08 0.000253419
3.09875e-08 0.000254366
3.1e-08 0.000254822
3.10125e-08 0.000254444
3.1025e-08 0.000253117
3.10375e-08 0.000250785
3.105e-08 0.000247391
3.10625e-08 0.00024298
3.1075e-08 0.000238
3.10875e-08 0.000233002
3.11e-08 0.000228538
3.11125e-08 0.000225047
3.1125e-08 0.000222541
3.11375e-08 0.000220918
3.115e-08 0.000220079
3.11625e-08 0.0002199
3.1175e-08 0.000220157
3.11875e-08 0.000220603
3.12e-08 0.000220988
3.12125e-08 0.000221099
3.1225e-08 0.000220857
3.12375e-08 0.000220216
3.125e-08 0.00021913
3.12625e-08 0.000217599
3.1275e-08 0.000215793
3.12875e-08 0.000213926
3.13e-08 0.000212213
3.13125e-08 0.000210832
3.1325e-08 0.000209811
3.13375e-08 0.000209141
3.135e-08 0.000208814
3.13625e-08 0.000208821
3.1375e-08 0.000209149
3.13875e-08 0.000209784
3.14e-08 0.000210711
3.14125e-08 0.000211874
3.1425e-08 0.000213043
3.14375e-08 0.000213945
3.145e-08 0.000214308
3.14625e-08 0.000213993
3.1475e-08 0.000213396
3.14875e-08 0.000213048
3.15e-08 0.000213478
3.15125e-08 0.000215052
3.1525e-08 0.000217472
3.15375e-08 0.000220277
3.155e-08 0.000223004
3.15625e-08 0.000225213
3.1575e-08 0.000226551
3.15875e-08 0.000226689
3.16e-08 0.000225296
3.16125e-08 0.000222315
3.1625e-08 0.000218778
3.16375e-08 0.00021599
3.165e-08 0.000215257
3.16625e-08 0.000217435
3.1675e-08 0.000221588
3.16875e-08 0.000226331
3.17e-08 0.000230277
3.17125e-08 0.000232419
3.1725e-08 0.000233258
3.17375e-08 0.000233674
3.175e-08 0.000234545
3.17625e-08 0.000236466
3.1775e-08 0.000238891
3.17875e-08 0.000240992
3.18e-08 0.000241937
3.18125e-08 0.000241194
3.1825e-08 0.000239417
3.18375e-08 0.000237556
3.185e-08 0.000236561
3.18625e-08 0.00023718
3.1875e-08 0.000239344
3.18875e-08 0.000242786
3.19e-08 0.000247233
3.19125e-08 0.000252303
3.1925e-08 0.000257158
3.19375e-08 0.000260844
3.195e-08 0.000262411
3.19625e-08 0.000261295
3.1975e-08 0.000258488
3.19875e-08 0.000255369
3.2e-08 0.00025332
3.20125e-08 0.000253356
3.2025e-08 0.000255033
3.20375e-08 0.000257543
3.205e-08 0.000260079
3.20625e-08 0.00026189
3.2075e-08 0.000262458
3.20875e-08 0.000261323
3.21e-08 0.000258024
3.21125e-08 0.000252401
3.2125e-08 0.000245496
3.21375e-08 0.000238649
3.215e-08 0.000233202
3.21625e-08 0.000230187
3.2175e-08 0.000229407
3.21875e-08 0.000230356
3.22e-08 0.00023253
3.22125e-08 0.0002354
3.2225e-08 0.000238354
3.22375e-08 0.000240758
3.225e-08 0.000241976
3.22625e-08 0.00024155
3.2275e-08 0.000239716
3.22875e-08 0.000236888
3.23e-08 0.000233478
3.23125e-08 0.000229876
3.2325e-08 0.000226377
3.23375e-08 0.000223258
3.235e-08 0.000220791
3.23625e-08 0.000219113
3.2375e-08 0.000217817
3.23875e-08 0.000216358
3.24e-08 0.00021419
3.24125e-08 0.000211002
3.2425e-08 0.000207422
3.24375e-08 0.000204311
3.245e-08 0.00020253
3.24625e-08 0.000202622
3.2475e-08 0.000203854
3.24875e-08 0.000205175
3.25e-08 0.000205534
3.25125e-08 0.000204127
3.2525e-08 0.00020115
3.25375e-08 0.000197044
3.255e-08 0.000192253
3.25625e-08 0.000187157
3.2575e-08 0.000181887
3.25875e-08 0.000176514
3.26e-08 0.000171107
3.26125e-08 0.000165869
3.2625e-08 0.000161543
3.26375e-08 0.000159005
3.265e-08 0.00015913
3.26625e-08 0.000162444
3.2675e-08 0.000168058
3.26875e-08 0.000174732
3.27e-08 0.000181225
3.27125e-08 0.000186559
3.2725e-08 0.000190791
3.27375e-08 0.000194243
3.275e-08 0.000197233
3.27625e-08 0.00020011
3.2775e-08 0.000203332
3.27875e-08 0.000207389
3.28e-08 0.000212767
3.28125e-08 0.000219685
3.2825e-08 0.000227282
3.28375e-08 0.000234431
3.285e-08 0.00024
3.28625e-08 0.00024342
3.2875e-08 0.000246357
3.28875e-08 0.000251036
3.29e-08 0.000259684
3.29125e-08 0.000273985
3.2925e-08 0.000293466
3.29375e-08 0.000317113
3.295e-08 0.000343913
3.29625e-08 0.000372915
3.2975e-08 0.000403421
3.29875e-08 0.000434795
3.3e-08 0.000466403
3.30125e-08 0.000497464
3.3025e-08 0.000526616
3.30375e-08 0.000552352
3.305e-08 0.000573162
3.30625e-08 0.000584387
3.3075e-08 0.00056875
3.30875e-08 0.000505823
3.31e-08 0.000375178
3.31125e-08 0.000154711
3.3125e-08 -0.000184373
3.31375e-08 -0.000672545
3.315e-08 -0.00134028
3.31625e-08 -0.00221254
3.3175e-08 -0.00329229
3.31875e-08 -0.00457701
3.32e-08 -0.00606415
3.32125e-08 -0.00774377
3.3225e-08 -0.00957629
3.32375e-08 -0.0115147
3.325e-08 -0.013512
3.32625e-08 -0.0155221
3.3275e-08 -0.0175026
3.32875e-08 -0.019412
3.33e-08 -0.0212086
3.33125e-08 -0.0228569
3.3325e-08 -0.0243447
3.33375e-08 -0.0256656
3.335e-08 -0.0268133
3.33625e-08 -0.0277824
3.3375e-08 -0.0285717
3.33875e-08 -0.0291811
3.34e-08 -0.0296104
3.34125e-08 -0.0298616
3.3425e-08 -0.0299468
3.34375e-08 -0.02988
3.345e-08 -0.0296754
3.34625e-08 -0.0293526
3.3475e-08 -0.0289522
3.34875e-08 -0.0285204
3.35e-08 -0.028103
3.35125e-08 -0.0277433
3.3525e-08 -0.0274735
3.35375e-08 -0.0273229
3.355e-08 -0.0273209
3.35625e-08 -0.0274877
3.3575e-08 -0.0278071
3.35875e-08 -0.0282538
3.36e-08 -0.0288026
3.36125e-08 -0.029424
3.3625e-08 -0.0300728
3.36375e-08 -0.0306993
3.365e-08 -0.0312542
3.36625e-08 -0.0316946
3.3675e-08 -0.0320036
3.36875e-08 -0.0321711
3.37e-08 -0.032187
3.37125e-08 -0.0320473
3.3725e-08 -0.0317738
3.37375e-08 -0.0313946
3.375e-08 -0.0309377
3.37625e-08 -0.0304303
3.3775e-08 -0.0298959
3.37875e-08 -0.0293571
3.38e-08 -0.0288364
3.38125e-08 -0.0283546
3.3825e-08 -0.0279253
3.38375e-08 -0.0275601
3.385e-08 -0.0272708
3.38625e-08 -0.027067
3.3875e-08 -0.0269494
3.38875e-08 -0.0269166
3.39e-08 -0.026967
3.39125e-08 -0.0270965
3.3925e-08 -0.0272895
3.39375e-08 -0.0275279
3.395e-08 -0.0277935
3.39625e-08 -0.0280664
3.3975e-08 -0.028321
3.39875e-08 -0.0285298
3.4e-08 -0.0286655
3.40125e-08 -0.0287037
3.4025e-08 -0.028632
3.40375e-08 -0.0284412
3.405e-08 -0.0281217
3.40625e-08 -0.0276697
3.4075e-08 -0.0271036
3.40875e-08 -0.0264474
3.41e-08 -0.0257251
3.41125e-08 -0.0249612
3.4125e-08 -0.0241828
3.41375e-08 -0.0234174
3.415e-08 -0.0226928
3.41625e-08 -0.0220338
3.4175e-08 -0.0214542
3.41875e-08 -0.0209653
3.42e-08 -0.0205781
3.42125e-08 -0.0203003
3.4225e-08 -0.0201257
3.42375e-08 -0.0200447
3.425e-08 -0.0200476
3.42625e-08 -0.020122
3.4275e-08 -0.0202452
3.42875e-08 -0.0203915
3.43e-08 -0.0205355
3.43125e-08 -0.0206535
3.4325e-08 -0.0207295
3.43375e-08 -0.0207495
3.435e-08 -0.0206993
3.43625e-08 -0.0205686
3.4375e-08 -0.020363
3.43875e-08 -0.0200917
3.44e-08 -0.0197639
3.44125e-08 -0.0193911
3.4425e-08 -0.0189934
3.44375e-08 -0.0185931
3.445e-08 -0.0182124
3.44625e-08 -0.0178718
3.4475e-08 -0.0175837
3.44875e-08 -0.0173589
3.45e-08 -0.0172081
3.45125e-08 -0.0171384
3.4525e-08 -0.0171434
3.45375e-08 -0.0172132
3.455e-08 -0.017338
3.45625e-08 -0.0175068
3.4575e-08 -0.0177054
3.45875e-08 -0.0179182
3.46e-08 -0.01813
3.46125e-08 -0.0183269
3.4625e-08 -0.0185007
3.46375e-08 -0.0186447
3.465e-08 -0.0187522
3.46625e-08 -0.0188168
3.4675e-08 -0.0188335
3.46875e-08 -0.0187975
3.47e-08 -0.018704
3.47125e-08 -0.0185497
3.4725e-08 -0.0183367
3.47375e-08 -0.0180685
3.475e-08 -0.0177488
3.47625e-08 -0.0173836
3.4775e-08 -0.01699
3.47875e-08 -0.0165876
3.48e-08 -0.016196
3.48125e-08 -0.0158336
3.4825e-08 -0.0155136
3.48375e-08 -0.0152478
3.485e-08 -0.0150483
3.48625e-08 -0.014923
3.4875e-08 -0.0148652
3.48875e-08 -0.014864
3.49e-08 -0.0149086
3.49125e-08 -0.0149872
3.4925e-08 -0.0150826
3.49375e-08 -0.0151766
3.495e-08 -0.015251
3.49625e-08 -0.0152901
3.4975e-08 -0.0152887
3.49875e-08 -0.0152443
3.5e-08 -0.0151541
3.50125e-08 -0.0150184
3.5025e-08 -0.0148482
3.50375e-08 -0.0146573
3.505e-08 -0.0144592
3.50625e-08 -0.0142669
3.5075e-08 -0.0140892
3.50875e-08 -0.0139344
3.51e-08 -0.0138102
3.51125e-08 -0.0137231
3.5125e-08 -0.0136717
3.51375e-08 -0.0136531
3.515e-08 -0.0136642
3.51625e-08 -0.0137015
3.5175e-08 -0.0137594
3.51875e-08 -0.0138317
3.52e-08 -0.0139124
3.52125e-08 -0.0139954
3.5225e-08 -0.0140742
3.52375e-08 -0.0141428
3.525e-08 -0.0141949
3.52625e-08 -0.0142246
3.5275e-08 -0.0142283
3.52875e-08 -0.0142028
3.53e-08 -0.0141448
3.53125e-08 -0.0140517
3.5325e-08 -0.0139228
3.53375e-08 -0.0137583
3.535e-08 -0.0135579
3.53625e-08 -0.0133232
3.5375e-08 -0.0130612
3.53875e-08 -0.0127805
3.54e-08 -0.0124896
3.54125e-08 -0.0121974
3.5425e-08 -0.0119144
3.54375e-08 -0.0116512
3.545e-08 -0.0114186
3.54625e-08 -0.0112255
3.5475e-08 -0.0110733
3.54875e-08 -0.0109614
3.55e-08 -0.0108893
3.55125e-08 -0.0108552
3.5525e-08 -0.0108512
3.55375e-08 -0.0108681
3.555e-08 -0.0108968
3.55625e-08 -0.0109282
3.5575e-08 -0.0109549
3.55875e-08 -0.0109699
3.56e-08 -0.0109659
3.56125e-08 -0.0109369
3.5625e-08 -0.0108805
3.56375e-08 -0.0107955
3.565e-08 -0.0106805
3.56625e-08 -0.0105358
3.5675e-08 -0.0103687
3.56875e-08 -0.010188
3.57e-08 -0.0100026
3.57125e-08 -0.00982097
3.5725e-08 -0.00965083
3.57375e-08 -0.00949948
3.575e-08 -0.00937427
3.57625e-08 -0.00928069
3.5775e-08 -0.00921698
3.57875e-08 -0.00917951
3.58e-08 -0.00916466
3.58125e-08 -0.00916833
3.5825e-08 -0.00918442
3.58375e-08 -0.00920633
3.585e-08 -0.00922747
3.58625e-08 -0.00924194
3.5875e-08 -0.00924666
3.58875e-08 -0.00923924
3.59e-08 -0.00921731
3.59125e-08 -0.00917875
3.5925e-08 -0.00912255
3.59375e-08 -0.00904797
3.595e-08 -0.00895427
3.59625e-08 -0.00884121
3.5975e-08 -0.00871067
3.59875e-08 -0.008565
3.6e-08 -0.0084066
3.60125e-08 -0.00823806
3.6025e-08 -0.00806292
3.60375e-08 -0.00788495
3.605e-08 -0.0077079
3.60625e-08 -0.00753568
3.6075e-08 -0.00737269
3.60875e-08 -0.00722345
3.61e-08 -0.00709249
3.61125e-08 -0.00698365
3.6125e-08 -0.00689798
3.61375e-08 -0.00683586
3.615e-08 -0.00679763
3.61625e-08 -0.00678254
3.6175e-08 -0.00678535
3.61875e-08 -0.0067997
3.62e-08 -0.00681921
3.62125e-08 -0.00683762
3.6225e-08 -0.00684907
3.62375e-08 -0.00684779
3.625e-08 -0.00682802
3.62625e-08 -0.0067854
3.6275e-08 -0.00672118
3.62875e-08 -0.00663801
3.63e-08 -0.00653854
3.63125e-08 -0.00642607
3.6325e-08 -0.00630653
3.63375e-08 -0.00618649
3.635e-08 -0.00607253
3.63625e-08 -0.00597051
3.6375e-08 -0.00588341
3.63875e-08 -0.0058135
3.64e-08 -0.00576304
3.64125e-08 -0.0057333
3.6425e-08 -0.00572156
3.64375e-08 -0.00572411
3.645e-08 -0.00573723
3.64625e-08 -0.00575706
3.6475e-08 -0.00577912
3.64875e-08 -0.0057988
3.65e-08 -0.00581146
3.65125e-08 -0.00581304
3.6525e-08 -0.00580168
3.65375e-08 -0.00577607
3.655e-08 -0.0057349
3.65625e-08 -0.00567771
3.6575e-08 -0.00560742
3.65875e-08 -0.0055278
3.66e-08 -0.00544261
3.66125e-08 -0.00535526
3.6625e-08 -0.00526773
3.66375e-08 -0.00518163
3.665e-08 -0.00509858
3.66625e-08 -0.00501954
3.6675e-08 -0.00494288
3.66875e-08 -0.0048663
3.67e-08 -0.00478751
3.67125e-08 -0.0047052
3.6725e-08 -0.00462202
3.67375e-08 -0.00454157
3.675e-08 -0.00446747
3.67625e-08 -0.00440299
3.6775e-08 -0.00434995
3.67875e-08 -0.00430981
3.68e-08 -0.00428403
3.68125e-08 -0.00427311
3.6825e-08 -0.00427367
3.68375e-08 -0.00428137
3.685e-08 -0.00429186
3.68625e-08 -0.00430092
3.6875e-08 -0.00430485
3.68875e-08 -0.0043001
3.69e-08 -0.00428308
3.69125e-08 -0.00425122
3.6925e-08 -0.00420582
3.69375e-08 -0.00414917
3.695e-08 -0.00408356
3.69625e-08 -0.00401164
3.6975e-08 -0.00393759
3.69875e-08 -0.00386595
3.7e-08 -0.00380126
3.70125e-08 -0.00374748
3.7025e-08 -0.00370623
3.70375e-08 -0.00367851
3.705e-08 -0.00366538
3.70625e-08 -0.00366696
3.7075e-08 -0.00367991
3.70875e-08 -0.00369999
3.71e-08 -0.00372296
3.71125e-08 -0.00374471
3.7125e-08 -0.00376157
3.71375e-08 -0.00376998
3.715e-08 -0.0037664
3.71625e-08 -0.00374817
3.7175e-08 -0.0037162
3.71875e-08 -0.00367232
3.72e-08 -0.00361834
3.72125e-08 -0.00355624
3.7225e-08 -0.00348864
3.72375e-08 -0.00341834
3.725e-08 -0.00334814
3.72625e-08 -0.00328044
3.7275e-08 -0.00321611
3.72875e-08 -0.00315561
3.73e-08 -0.00309945
3.73125e-08 -0.00304801
3.7325e-08 -0.00300142
3.73375e-08 -0.00295974
3.735e-08 -0.002923
3.73625e-08 -0.00289112
3.7375e-08 -0.00286335
3.73875e-08 -0.00283885
3.74e-08 -0.00281672
3.74125e-08 -0.00279617
3.7425e-08 -0.00277668
3.74375e-08 -0.00275779
3.745e-08 -0.00273905
3.74625e-08 -0.00272014
3.7475e-08 -0.0027013
3.74875e-08 -0.00268288
3.75e-08 -0.00266526
3.75125e-08 -0.0026485
3.7525e-08 -0.00263151
3.75375e-08 -0.00261292
3.755e-08 -0.00259134
3.75625e-08 -0.00256561
3.7575e-08 -0.00253547
3.75875e-08 -0.00250087
3.76e-08 -0.00246178
3.76125e-08 -0.00241859
3.7625e-08 -0.00237345
3.76375e-08 -0.00232897
3.765e-08 -0.00228775
3.76625e-08 -0.00225213
3.7675e-08 -0.00222354
3.76875e-08 -0.00220313
3.77e-08 -0.00219209
3.77125e-08 -0.00219093
3.7725e-08 -0.00219748
3.77375e-08 -0.00220894
3.775e-08 -0.00222249
3.77625e-08 -0.00223521
3.7775e-08 -0.0022437
3.77875e-08 -0.00224447
3.78e-08 -0.00223399
3.78125e-08 -0.00220975
3.7825e-08 -0.00217312
3.78375e-08 -0.00212645
3.785e-08 -0.00207209
3.78625e-08 -0.00201253
3.7875e-08 -0.00195076
3.78875e-08 -0.00188989
3.79e-08 -0.00183304
3.79125e-08 -0.00178286
3.7925e-08 -0.0017401
3.79375e-08 -0.00170501
3.795e-08 -0.00167787
3.79625e-08 -0.00165837
3.7975e-08 -0.00164394
3.79875e-08 -0.00163143
3.8e-08 -0.00161767
3.80125e-08 -0.00160023
3.8025e-08 -0.00157948
3.80375e-08 -0.00155653
3.805e-08 -0.00153245
3.80625e-08 -0.00150834
3.8075e-08 -0.00148522
3.80875e-08 -0.00146414
3.81e-08 -0.00144613
3.81125e-08 -0.00143185
3.8125e-08 -0.00142055
3.81375e-08 -0.00141114
3.815e-08 -0.00140249
3.81625e-08 -0.00139343
3.8175e-08 -0.00138249
3.81875e-08 -0.00136813
3.82e-08 -0.00134881
3.82125e-08 -0.00132354
3.8225e-08 -0.00129344
3.82375e-08 -0.0012602
3.825e-08 -0.00122549
3.82625e-08 -0.00119114
3.8275e-08 -0.00115952
3.82875e-08 -0.00113316
3.83e-08 -0.00111458
3.83125e-08 -0.0011056
3.8325e-08 -0.00110512
3.83375e-08 -0.00111136
3.835e-08 -0.00112253
3.83625e-08 -0.00113661
3.8375e-08 -0.00115076
3.83875e-08 -0.00116192
3.84e-08 -0.00116704
3.84125e-08 -0.0011638
3.8425e-08 -0.00115297
3.84375e-08 -0.00113604
3.845e-08 -0.00111451
3.84625e-08 -0.00108969
3.8475e-08 -0.00106214
3.84875e-08 -0.00103221
3.85e-08 -0.00100028
3.85125e-08 -0.000966818
3.8525e-08 -0.000932822
3.85375e-08 -0.000899401
3.855e-08 -0.000867668
3.85625e-08 -0.000838697
3.8575e-08 -0.00081341
3.85875e-08 -0.000792693
3.86e-08 -0.000777431
3.86125e-08 -0.000767981
3.8625e-08 -0.000762593
3.86375e-08 -0.000758992
3.865e-08 -0.000754901
3.86625e-08 -0.000748574
3.8675e-08 -0.000740387
3.86875e-08 -0.000731245
3.87e-08 -0.000722055
3.87125e-08 -0.000713444
3.8725e-08 -0.00070492
3.87375e-08 -0.000695715
3.875e-08 -0.000685059
3.87625e-08 -0.000672349
3.8775e-08 -0.000657645
3.87875e-08 -0.000641174
3.88e-08 -0.000623162
3.88125e-08 -0.000604057
3.8825e-08 -0.000585188
3.88375e-08 -0.000568101
3.885e-08 -0.000554348
3.88625e-08 -0.000544862
3.8875e-08 -0.000538127
3.88875e-08 -0.000532012
3.89e-08 -0.000524387
3.89125e-08 -0.000513721
3.8925e-08 -0.000500873
3.89375e-08 -0.000487302
3.895e-08 -0.000474466
3.89625e-08 -0.000463597
3.8975e-08 -0.000455013
3.89875e-08 -0.000448803
3.9e-08 -0.000445059
3.90125e-08 -0.000443631
3.9025e-08 -0.000443405
3.90375e-08 -0.000443028
3.905e-08 -0.000441146
3.90625e-08 -0.000436496
3.9075e-08 -0.000428175
3.90875e-08 -0.000415371
3.91e-08 -0.000397273
3.91125e-08 -0.000373397
3.9125e-08 -0.000344586
3.91375e-08 -0.000312009
3.915e-08 -0.000276838
3.91625e-08 -0.00024046
3.9175e-08 -0.000205131
3.91875e-08 -0.000173323
3.92e-08 -0.00014751
3.92125e-08 -0.000129549
3.9225e-08 -0.000118842
3.92375e-08 -0.000114179
3.925e-08 -0.000114348
3.92625e-08 -0.000118153
3.9275e-08 -0.000124465
3.92875e-08 -0.000132171
3.93e-08 -0.000140158
3.93125e-08 -0.000147292
3.9325e-08 -0.000152358
3.93375e-08 -0.000154121
3.935e-08 -0.000151344
3.93625e-08 -0.000143164
3.9375e-08 -0.000130207
3.93875e-08 -0.000113471
3.94e-08 -9.39526e-05
3.94125e-08 -7.28578e-05
3.9425e-08 -5.22224e-05
3.94375e-08 -3.42901e-05
3.945e-08 -2.13043e-05
3.94625e-08 -1.47265e-05
3.9475e-08 -1.28892e-05
3.94875e-08 -1.33424e-05
3.95e-08 -1.36364e-05
3.95125e-08 -1.17563e-05
3.9525e-08 -7.42648e-06
3.95375e-08 -8.06402e-07
3.955e-08 7.94464e-06
3.95625e-08 1.84622e-05
3.9575e-08 2.95614e-05
3.95875e-08 3.98522e-05
3.96e-08 4.79446e-05
3.96125e-08 5.28326e-05
3.9625e-08 5.50454e-05
3.96375e-08 5.54964e-05
3.965e-08 5.50988e-05
3.96625e-08 5.46324e-05
3.9675e-08 5.43428e-05
3.96875e-08 5.43423e-05
3.97e-08 5.4743e-05
3.97125e-08 5.57086e-05
3.9725e-08 5.7608e-05
3.97375e-08 6.08614e-05
3.975e-08 6.58894e-05
3.97625e-08 7.31297e-05
3.9775e-08 8.30909e-05
3.97875e-08 9.62992e-05
3.98e-08 0.000113281
3.98125e-08 0.000133998
3.9825e-08 0.00015616
3.98375e-08 0.000176912
3.985e-08 0.000193399
3.98625e-08 0.000203446
3.9875e-08 0.000207586
3.98875e-08 0.000207035
3.99e-08 0.000203004
3.99125e-08 0.000196811
3.9925e-08 0.000190185
3.99375e-08 0.000184959
3.995e-08 0.000182964
3.99625e-08 0.000185661
3.9975e-08 0.000193013
3.99875e-08 0.000204609
4e-08 0.00022004
4.00125e-08 0.000238822
4.0025e-08 0.00026018
4.00375e-08 0.000283267
4.005e-08 0.000307233
4.00625e-08 0.000331094
4.0075e-08 0.000353312
4.00875e-08 0.000372214
4.01e-08 0.000386126
4.01125e-08 0.000393869
4.0125e-08 0.00039624
4.01375e-08 0.000394533
4.015e-08 0.00039004
4.01625e-08 0.000384038
4.0175e-08 0.000377741
4.01875e-08 0.000372346
4.02e-08 0.000369051
4.02125e-08 0.000368618
4.0225e-08 0.000370065
4.02375e-08 0.000371973
4.025e-08 0.000372925
4.02625e-08 0.000371804
4.0275e-08 0.000368695
4.02875e-08 0.000363986
4.03e-08 0.000358063
4.03125e-08 0.000351467
4.0325e-08 0.000345356
4.03375e-08 0.000341044
4.035e-08 0.000339842
4.03625e-08 0.000342727
4.0375e-08 0.000349331
4.03875e-08 0.000358947
4.04e-08 0.00037087
4.04125e-08 0.000384464
4.0425e-08 0.000399376
4.04375e-08 0.000415322
4.045e-08 0.000432016
4.04625e-08 0.000449038
4.0475e-08 0.000465422
4.04875e-08 0.000480063
4.05e-08 0.000491858
4.05125e-08 0.000499937
4.0525e-08 0.00050437
4.05375e-08 0.000505462
4.055e-08 0.000503518
4.05625e-08 0.00049902
4.0575e-08 0.000493161
4.05875e-08 0.000487313
4.06e-08 0.000482846
4.06125e-08 0.000480924
4.0625e-08 0.000481879
4.06375e-08 0.000485838
4.065e-08 0.000492925
4.06625e-08 0.000502987
4.0675e-08 0.000514757
4.06875e-08 0.000526688
4.07e-08 0.000537233
4.07125e-08 0.000545174
4.0725e-08 0.000550596
4.07375e-08 0.000553911
4.075e-08 0.000555534
4.07625e-08 0.00055573
4.0775e-08 0.000554185
4.07875e-08 0.000550439
4.08e-08 0.000544032
4.08125e-08 0.000534815
4.0825e-08 0.00052389
4.08375e-08 0.000512671
4.085e-08 0.000502569
4.08625e-08 0.000494777
4.0875e-08 0.000489596
4.08875e-08 0.000487108
4.09e-08 0.000487391
4.09125e-08 0.000490218
4.0925e-08 0.000494123
4.09375e-08 0.000497329
4.095e-08 0.000498063
4.09625e-08 0.000495091
4.0975e-08 0.000489348
4.09875e-08 0.00048231
4.1e-08 0.000475455
4.10125e-08 0.000470005
4.1025e-08 0.000466169
4.10375e-08 0.000463903
4.105e-08 0.000463162
4.10625e-08 0.000463874
4.1075e-08 0.000465857
4.10875e-08 0.000468904
4.11e-08 0.000472806
4.11125e-08 0.000477405
4.1125e-08 0.00048274
4.11375e-08 0.000488898
4.115e-08 0.000495968
4.11625e-08 0.000503805
4.1175e-08 0.000511326
4.11875e-08 0.000517215
4.12e-08 0.000520158
4.12125e-08 0.000519349
4.1225e-08 0.000516024
4.12375e-08 0.00051193
4.125e-08 0.000508814
4.12625e-08 0.000508193
4.1275e-08 0.000510661
4.12875e-08 0.000516583
4.13e-08 0.000526324
4.13125e-08 0.000539999
4.1325e-08 0.000556719
4.13375e-08 0.000575346
4.135e-08 0.000594743
4.13625e-08 0.000613784
4.1375e-08 0.000631392
4.13875e-08 0.000646507
4.14e-08 0.000658063
4.14125e-08 0.000665297
4.1425e-08 0.000668631
4.14375e-08 0.000668786
4.145e-08 0.000666482
4.14625e-08 0.000662517
4.1475e-08 0.000657993
4.14875e-08 0.000654087
4.15e-08 0.000651976
4.15125e-08 0.000652571
4.1525e-08 0.000655707
4.15375e-08 0.000660949
4.155e-08 0.000667866
4.15625e-08 0.000675922
4.1575e-08 0.000684184
4.15875e-08 0.00069162
4.16e-08 0.000697194
4.16125e-08 0.000700183
4.1625e-08 0.000701103
4.16375e-08 0.00070078
4.165e-08 0.00070004
4.16625e-08 0.000699718
4.1675e-08 0.000700688
4.16875e-08 0.000703834
4.17e-08 0.00071004
4.17125e-08 0.000719768
4.1725e-08 0.000731806
4.17375e-08 0.000744522
4.175e-08 0.000756285
4.17625e-08 0.000765862
4.1775e-08 0.000773634
4.17875e-08 0.000780379
4.18e-08 0.000786877
4.18125e-08 0.000793818
4.1825e-08 0.000801525
4.18375e-08 0.000810227
4.185e-08 0.000820158
4.18625e-08 0.000831361
4.1875e-08 0.000843134
4.18875e-08 0.000854584
4.19e-08 0.000864822
4.19125e-08 0.000873125
4.1925e-08 0.000879444
4.19375e-08 0.000883896
4.195e-08 0.000886601
4.19625e-08 0.000887789
4.1975e-08 0.000888146
4.19875e-08 0.000888472
4.2e-08 0.000889565
4.20125e-08 0.000891911
4.2025e-08 0.000894744
4.20375e-08 0.000896983
4.205e-08 0.000897549
4.20625e-08 0.000895503
4.2075e-08 0.000890462
4.20875e-08 0.000882186
4.21e-08 0.000870435
4.21125e-08 0.000855296
4.2125e-08 0.000838176
4.21375e-08 0.000820812
4.215e-08 0.000804941
4.21625e-08 0.000791944
4.2175e-08 0.000781788
4.21875e-08 0.000774089
4.22e-08 0.000768459
4.22125e-08 0.000764585
4.2225e-08 0.000762452
4.22375e-08 0.000762116
4.225e-08 0.000763636
4.22625e-08 0.000766879
4.2275e-08 0.000770949
4.22875e-08 0.000774762
4.23e-08 0.000777233
4.23125e-08 0.000777533
4.2325e-08 0.000775861
4.23375e-08 0.000772671
4.235e-08 0.000768419
4.23625e-08 0.000763757
4.2375e-08 0.000760128
4.23875e-08 0.000759172
4.24e-08 0.00076253
4.24125e-08 0.000771086
4.2425e-08 0.000782704
4.24375e-08 0.000794492
4.245e-08 0.000803557
4.24625e-08 0.000807725
4.2475e-08 0.000807679
4.24875e-08 0.000804821
4.25e-08 0.000800553
4.25125e-08 0.000796151
4.2525e-08 0.000792391
4.25375e-08 0.000789926
4.255e-08 0.000789407
4.25625e-08 0.000791325
4.2575e-08 0.000795519
4.25875e-08 0.000801667
4.26e-08 0.000809447
4.26125e-08 0.000818584
4.2625e-08 0.000828993
4.26375e-08 0.000840637
4.265e-08 0.000853478
4.26625e-08 0.000867297
4.2675e-08 0.000881146
4.26875e-08 0.000893899
4.27e-08 0.000904427
4.27125e-08 0.000911956
4.2725e-08 0.000917128
4.27375e-08 0.00092094
4.275e-08 0.000924387
4.27625e-08 0.000928393
4.2775e-08 0.000933586
4.27875e-08 0.000940524
4.28e-08 0.000949763
4.28125e-08 0.000961534
4.2825e-08 0.000974771
4.28375e-08 0.000988083
4.285e-08 0.00100008
4.28625e-08 0.00100954
4.2875e-08 0.00101593
4.28875e-08 0.00101889
4.29e-08 0.00101806
4.29125e-08 0.0010133
4.2925e-08 0.00100535
4.29375e-08 0.000995196
4.295e-08 0.000983794
4.29625e-08 0.000971913
4.2975e-08 0.000959482
4.29875e-08 0.000946223
4.3e-08 0.000931858
4.30125e-08 0.000916277
4.3025e-08 0.000900047
4.30375e-08 0.000883902
4.305e-08 0.000868577
4.30625e-08 0.000854654
4.3075e-08 0.000842108
4.30875e-08 0.00083076
4.31e-08 0.000820435
4.31125e-08 0.000810993
4.3125e-08 0.000802456
4.31375e-08 0.000794885
4.315e-08 0.00078834
4.31625e-08 0.000782887
4.3175e-08 0.000778612
4.31875e-08 0.000775604
4.32e-08 0.000773953
4.32125e-08 0.000773718
4.3225e-08 0.000774844
4.32375e-08 0.000777244
4.325e-08 0.00078083
4.32625e-08 0.000785532
4.3275e-08 0.000791334
4.32875e-08 0.000798239
4.33e-08 0.000806245
4.33125e-08 0.000815214
4.3325e-08 0.000824444
4.33375e-08 0.000833092
4.335e-08 0.000840316
4.33625e-08 0.000845571
4.3375e-08 0.000849493
4.33875e-08 0.000853017
4.34e-08 0.000857075
4.34125e-08 0.000862304
4.3425e-08 0.000868147
4.34375e-08 0.00087375
4.345e-08 0.000878261
4.34625e-08 0.000881076
4.3475e-08 0.000882594
4.34875e-08 0.000883468
4.35e-08 0.000884348
4.35125e-08 0.000885824
4.3525e-08 0.00088825
4.35375e-08 0.000891916
4.355e-08 0.000897115
4.35625e-08 0.000903794
4.3575e-08 0.000910524
4.35875e-08 0.000915529
4.36e-08 0.000917036
4.36125e-08 0.000913973
4.3625e-08 0.000908094
4.36375e-08 0.000901853
4.365e-08 0.000897708
4.36625e-08 0.000897544
4.3675e-08 0.000900974
4.36875e-08 0.000907039
4.37e-08 0.000914783
4.37125e-08 0.000923287
4.3725e-08 0.0009318
4.37375e-08 0.000939611
4.375e-08 0.000946008
4.37625e-08 0.000950547
4.3775e-08 0.000953847
4.37875e-08 0.000956795
4.38e-08 0.000960277
4.38125e-08 0.000964929
4.3825e-08 0.000970392
4.38375e-08 0.000976053
4.385e-08 0.000981304
4.38625e-08 0.000985739
4.3875e-08 0.000989774
4.38875e-08 0.000994031
4.39e-08 0.00099913
4.39125e-08 0.00100549
4.3925e-08 0.0010127
4.39375e-08 0.00102015
4.395e-08 0.00102723
4.39625e-08 0.00103337
4.3975e-08 0.00103815
4.39875e-08 0.00104118
4.4e-08 0.00104209
4.40125e-08 0.00104071
4.4025e-08 0.00103764
4.40375e-08 0.00103373
4.405e-08 0.0010298
4.40625e-08 0.00102652
4.4075e-08 0.00102392
4.40875e-08 0.00102188
4.41e-08 0.00102028
4.41125e-08 0.00101905
4.4125e-08 0.00101841
4.41375e-08 0.00101862
4.415e-08 0.00101996
4.41625e-08 0.00102245
4.4175e-08 0.00102517
4.41875e-08 0.00102693
4.42e-08 0.00102656
4.42125e-08 0.00102327
4.4225e-08 0.00101774
4.42375e-08 0.00101107
4.425e-08 0.00100431
4.42625e-08 0.000998354
4.4275e-08 0.000993322
4.42875e-08 0.000989138
4.43e-08 0.000985731
4.43125e-08 0.00098297
4.4325e-08 0.000980492
4.43375e-08 0.000977877
4.435e-08 0.000974704
4.43625e-08 0.00097072
4.4375e-08 0.000966354
4.43875e-08 0.0009622
4.44e-08 0.000958854
4.44125e-08 0.000956687
4.4425e-08 0.000955173
4.44375e-08 0.000953563
4.445e-08 0.000951107
4.44625e-08 0.000947343
4.4475e-08 0.000942967
4.44875e-08 0.000938966
4.45e-08 0.000936324
4.45125e-08 0.000935785
4.4525e-08 0.000937122
4.45375e-08 0.000939869
4.455e-08 0.000943557
4.45625e-08 0.00094775
4.4575e-08 0.00095213
4.45875e-08 0.000956414
4.46e-08 0.000960316
4.46125e-08 0.000963596
4.4625e-08 0.000966199
4.46375e-08 0.000968113
4.465e-08 0.000969328
4.46625e-08 0.000969883
4.4675e-08 0.000970012
4.46875e-08 0.000969996
4.47e-08 0.000970119
4.47125e-08 0.00097067
4.4725e-08 0.00097198
4.47375e-08 0.000974384
4.475e-08 0.000978221
4.47625e-08 0.000983564
4.4775e-08 0.000989426
4.47875e-08 0.000994558
4.48e-08 0.000997708
4.48125e-08 0.000997982
4.4825e-08 0.000995918
4.48375e-08 0.000992406
4.485e-08 0.00098834
4.48625e-08 0.000984375
4.4875e-08 0.000980218
4.48875e-08 0.000975339
4.49e-08 0.00096921
4.49125e-08 0.000961541
4.4925e-08 0.000953018
4.49375e-08 0.000944567
4.495e-08 0.000937115
4.49625e-08 0.000931442
4.4975e-08 0.000927749
4.49875e-08 0.000926091
4.5e-08 0.000926522
4.50125e-08 0.000928927
4.5025e-08 0.000932516
4.50375e-08 0.000936329
4.505e-08 0.000939407
4.50625e-08 0.000941058
4.5075e-08 0.000941662
4.50875e-08 0.00094187
4.51e-08 0.000942332
4.51125e-08 0.000943538
4.5125e-08 0.000945346
4.51375e-08 0.000947455
4.515e-08 0.000949565
4.51625e-08 0.000951405
4.5175e-08 0.000952823
4.51875e-08 0.0009537
4.52e-08 0.000953913
4.52125e-08 0.000953506
4.5225e-08 0.000953178
4.52375e-08 0.000953791
4.525e-08 0.000956206
4.52625e-08 0.000960948
4.5275e-08 0.000967196
4.52875e-08 0.000973788
4.53e-08 0.000979565
4.53125e-08 0.000983616
4.5325e-08 0.000986027
4.53375e-08 0.000987134
4.535e-08 0.000987273
4.53625e-08 0.000986781
4.5375e-08 0.000986004
4.53875e-08 0.000985289
4.54e-08 0.00098498
4.54125e-08 0.000985309
4.5425e-08 0.000986037
4.54375e-08 0.00098681
4.545e-08 0.000987273
4.54625e-08 0.000987162
4.5475e-08 0.000986585
4.54875e-08 0.000985739
4.55e-08 0.000984822
4.55125e-08 0.000983908
4.5525e-08 0.000982569
4.55375e-08 0.000980251
4.555e-08 0.000976403
4.55625e-08 0.000970724
4.5575e-08 0.000963921
4.55875e-08 0.000956956
4.56e-08 0.000950791
4.56125e-08 0.000946217
4.5625e-08 0.000943363
4.56375e-08 0.000942187
4.565e-08 0.000942648
4.56625e-08 0.000944628
4.5675e-08 0.000947692
4.56875e-08 0.000951327
4.57e-08 0.00095502
4.57125e-08 0.000958311
4.5725e-08 0.000960957
4.57375e-08 0.000962769
4.575e-08 0.000963557
4.57625e-08 0.000963192
4.5775e-08 0.000961777
4.57875e-08 0.000959473
4.58e-08 0.000956443
4.58125e-08 0.000952935
4.5825e-08 0.000949546
4.58375e-08 0.000946957
4.585e-08 0.00094585
4.58625e-08 0.00094669
4.5875e-08 0.000949076
4.58875e-08 0.000952388
4.59e-08 0.000956008
4.59125e-08 0.000959387
4.5925e-08 0.000962263
4.59375e-08 0.000964442
4.595e-08 0.000965731
4.59625e-08 0.000966014
4.5975e-08 0.000965475
4.59875e-08 0.000964372
4.6e-08 0.000962964
4.60125e-08 0.00096151
4.6025e-08 0.000960259
4.60375e-08 0.000959462
4.605e-08 0.000959368
4.60625e-08 0.000960149
4.6075e-08 0.000961671
4.60875e-08 0.000963721
4.61e-08 0.000966087
4.61125e-08 0.000968503
4.6125e-08 0.000970485
4.61375e-08 0.000971493
4.615e-08 0.000970988
4.61625e-08 0.000968624
4.6175e-08 0.000964815
4.61875e-08 0.00096017
4.62e-08 0.000955296
4.62125e-08 0.000950731
4.6225e-08 0.000946737
4.62375e-08 0.000943504
4.625e-08 0.000941225
4.62625e-08 0.000940016
4.6275e-08 0.000939686
4.62875e-08 0.000939967
4.63e-08 0.000940593
4.63125e-08 0.000941378
4.6325e-08 0.000942469
4.63375e-08 0.000944094
4.635e-08 0.000946482
4.63625e-08 0.000949726
4.6375e-08 0.000953369
4.63875e-08 0.00095682
4.64e-08 0.000959486
4.64125e-08 0.000960902
4.6425e-08 0.000961101
4.64375e-08 0.000960246
4.645e-08 0.000958498
4.64625e-08 0.000956103
4.6475e-08 0.000953654
4.64875e-08 0.000951829
4.65e-08 0.000951304
4.65125e-08 0.000952507
4.6525e-08 0.00095485
4.65375e-08 0.000957496
4.655e-08 0.000959605
4.65625e-08 0.000960548
4.6575e-08 0.000960533
4.65875e-08 0.000959974
4.66e-08 0.000959289
4.66125e-08 0.000958834
4.6625e-08 0.000958745
4.66375e-08 0.000959095
4.665e-08 0.000959961
4.66625e-08 0.000961319
4.6675e-08 0.000962755
4.66875e-08 0.000963751
4.67e-08 0.000963794
4.67125e-08 0.00096262
4.6725e-08 0.000960964
4.67375e-08 0.000959814
4.675e-08 0.000960158
4.67625e-08 0.000962591
4.6775e-08 0.000966142
4.67875e-08 0.000969448
4.68e-08 0.000971146
4.68125e-08 0.000970211
4.6825e-08 0.000966971
4.68375e-08 0.000962094
4.685e-08 0.000956245
4.68625e-08 0.000950152
4.6875e-08 0.000944781
4.68875e-08 0.00094116
4.69e-08 0.000940316
4.69125e-08 0.00094285
4.6925e-08 0.000947658
4.69375e-08 0.000953213
4.695e-08 0.000957984
4.69625e-08 0.000960791
4.6975e-08 0.000961843
4.69875e-08 0.000961696
4.7e-08 0.000960909
4.70125e-08 0.000959994
4.7025e-08 0.000959289
4.70375e-08 0.000959087
4.705e-08 0.000959684
4.70625e-08 0.000961278
4.7075e-08 0.000963691
4.70875e-08 0.00096665
4.71e-08 0.000969881
