-2.85e-09 0.000258182
-2.8375e-09 0.000253353
-2.825e-09 0.000249072
-2.8125e-09 0.000245887
-2.8e-09 0.000244348
-2.7875e-09 0.000244802
-2.775e-09 0.000246794
-2.7625e-09 0.000249667
-2.75e-09 0.000252767
-2.7375e-09 0.000255546
-2.725e-09 0.000257891
-2.7125e-09 0.000259799
-2.7e-09 0.000261265
-2.6875e-09 0.000262255
-2.675e-09 0.000262603
-2.6625e-09 0.000262115
-2.65e-09 0.000260593
-2.6375e-09 0.000258048
-2.625e-09 0.00025531
-2.6125e-09 0.000253415
-2.6e-09 0.0002534
-2.5875e-09 0.000255904
-2.575e-09 0.000259991
-2.5625e-09 0.00026433
-2.55e-09 0.000267589
-2.5375e-09 0.000268729
-2.525e-09 0.000267883
-2.5125e-09 0.000265477
-2.5e-09 0.000261937
-2.4875e-09 0.000257806
-2.475e-09 0.0002541
-2.4625e-09 0.00025195
-2.45e-09 0.00025249
-2.4375e-09 0.000256378
-2.425e-09 0.000262374
-2.4125e-09 0.000268764
-2.4e-09 0.000273834
-2.3875e-09 0.000276307
-2.375e-09 0.000276648
-2.3625e-09 0.00027576
-2.35e-09 0.000274546
-2.3375e-09 0.000273716
-2.325e-09 0.000273215
-2.3125e-09 0.000272797
-2.3e-09 0.000272214
-2.2875e-09 0.000271248
-2.275e-09 0.000269796
-2.2625e-09 0.000267784
-2.25e-09 0.000265139
-2.2375e-09 0.000261899
-2.225e-09 0.000258562
-2.2125e-09 0.000255736
-2.2e-09 0.000254032
-2.1875e-09 0.000253852
-2.175e-09 0.000254772
-2.1625e-09 0.000256163
-2.15e-09 0.000257392
-2.1375e-09 0.000257924
-2.125e-09 0.000257607
-2.1125e-09 0.000256382
-2.1e-09 0.00025419
-2.0875e-09 0.000251066
-2.075e-09 0.00024741
-2.0625e-09 0.000243715
-2.05e-09 0.000240475
-2.0375e-09 0.000238031
-2.025e-09 0.000236125
-2.0125e-09 0.000234349
-2e-09 0.000232293
-1.9875e-09 0.000229669
-1.975e-09 0.000226669
-1.9625e-09 0.000223606
-1.95e-09 0.000220791
-1.9375e-09 0.000218514
-1.925e-09 0.000216968
-1.9125e-09 0.000216327
-1.9e-09 0.000216759
-1.8875e-09 0.000218296
-1.875e-09 0.0002204
-1.8625e-09 0.000222393
-1.85e-09 0.000223597
-1.8375e-09 0.000223538
-1.825e-09 0.000222559
-1.8125e-09 0.000221211
-1.8e-09 0.00022004
-1.7875e-09 0.000219494
-1.775e-09 0.000219611
-1.7625e-09 0.000220328
-1.75e-09 0.000221581
-1.7375e-09 0.000223248
-1.725e-09 0.000224967
-1.7125e-09 0.000226317
-1.7e-09 0.000226878
-1.6875e-09 0.000226405
-1.675e-09 0.000225361
-1.6625e-09 0.000224383
-1.65e-09 0.000224111
-1.6375e-09 0.000224937
-1.625e-09 0.000226275
-1.6125e-09 0.000227291
-1.6e-09 0.000227154
-1.5875e-09 0.000225325
-1.575e-09 0.000222438
-1.5625e-09 0.000219418
-1.55e-09 0.000217194
-1.5375e-09 0.000216539
-1.525e-09 0.000217618
-1.5125e-09 0.000220441
-1.5e-09 0.00022502
-1.4875e-09 0.000231111
-1.475e-09 0.000237457
-1.4625e-09 0.000242545
-1.45e-09 0.000244862
-1.4375e-09 0.000243388
-1.425e-09 0.000239063
-1.4125e-09 0.000233319
-1.4e-09 0.000227589
-1.3875e-09 0.000223111
-1.375e-09 0.00022035
-1.3625e-09 0.000219578
-1.35e-09 0.000221067
-1.3375e-09 0.000224869
-1.325e-09 0.000230151
-1.3125e-09 0.000235862
-1.3e-09 0.000240949
-1.2875e-09 0.000244565
-1.275e-09 0.000246686
-1.2625e-09 0.000247489
-1.25e-09 0.000247154
-1.2375e-09 0.000245955
-1.225e-09 0.000244536
-1.2125e-09 0.000243636
-1.2e-09 0.000243992
-1.1875e-09 0.000246073
-1.175e-09 0.000249258
-1.1625e-09 0.000252656
-1.15e-09 0.000255376
-1.1375e-09 0.00025673
-1.125e-09 0.000256852
-1.1125e-09 0.000256077
-1.1e-09 0.000254743
-1.0875e-09 0.000253151
-1.075e-09 0.000251454
-1.0625e-09 0.000249771
-1.05e-09 0.000248222
-1.0375e-09 0.0002469
-1.025e-09 0.000245809
-1.0125e-09 0.000244926
-1e-09 0.00024423
-9.875e-10 0.000243741
-9.75e-10 0.000243648
-9.625e-10 0.000244182
-9.5e-10 0.000245573
-9.375e-10 0.000247936
-9.25e-10 0.000250919
-9.125e-10 0.000254055
-9e-10 0.000256878
-8.875e-10 0.000259016
-8.75e-10 0.000260484
-8.625e-10 0.000261394
-8.5e-10 0.000261858
-8.375e-10 0.000261985
-8.25e-10 0.000261879
-8.125e-10 0.000261645
-8e-10 0.000261384
-7.875e-10 0.000261155
-7.75e-10 0.000260839
-7.625e-10 0.000260271
-7.5e-10 0.000259289
-7.375e-10 0.000257866
-7.25e-10 0.000256536
-7.125e-10 0.00025597
-7e-10 0.000256838
-6.875e-10 0.00025948
-6.75e-10 0.0002629
-6.625e-10 0.000265769
-6.5e-10 0.000266759
-6.375e-10 0.000264972
-6.25e-10 0.000261225
-6.125e-10 0.000256767
-6e-10 0.000252846
-5.875e-10 0.000250451
-5.75e-10 0.000249535
-5.625e-10 0.00024979
-5.5e-10 0.000250909
-5.375e-10 0.000252515
-5.25e-10 0.000253943
-5.125e-10 0.000254456
-5e-10 0.00025332
-4.875e-10 0.000250084
-4.75e-10 0.000245433
-4.625e-10 0.000240338
-4.5e-10 0.000235771
-4.375e-10 0.000232498
-4.25e-10 0.000230465
-4.125e-10 0.000229415
-4e-10 0.000229091
-3.875e-10 0.000229284
-3.75e-10 0.000229982
-3.625e-10 0.000231223
-3.5e-10 0.000233044
-3.375e-10 0.000235433
-3.25e-10 0.00023818
-3.125e-10 0.000241027
-3e-10 0.000243716
-2.875e-10 0.000246074
-2.75e-10 0.000248283
-2.625e-10 0.000250609
-2.5e-10 0.00025332
-2.375e-10 0.000256589
-2.25e-10 0.000260203
-2.125e-10 0.000263854
-2e-10 0.000267234
-1.875e-10 0.000270021
-1.75e-10 0.000271846
-1.625e-10 0.000272323
-1.5e-10 0.000271068
-1.375e-10 0.000267897
-1.25e-10 0.000263433
-1.125e-10 0.000258498
-1e-10 0.000253913
-8.75e-11 0.000250308
-7.5e-11 0.000247527
-6.25e-11 0.000245222
-5e-11 0.000243044
-3.75e-11 0.000240793
-2.5e-11 0.000238864
-1.25e-11 0.000237799
0 0.000238143
1.25e-11 0.000240194
2.5e-11 0.000243284
3.75e-11 0.000246501
5e-11 0.000248933
6.25e-11 0.00024984
7.5e-11 0.000249171
8.75e-11 0.00024705
1e-10 0.000243597
1.125e-10 0.000239065
1.25e-10 0.000234218
1.375e-10 0.00022995
1.5e-10 0.000227154
1.625e-10 0.000226392
1.75e-10 0.00022689
1.875e-10 0.000227539
2e-10 0.000227234
2.125e-10 0.000225201
2.25e-10 0.000222014
2.375e-10 0.000218581
2.5e-10 0.000215811
2.625e-10 0.000214359
2.75e-10 0.000213879
2.875e-10 0.000213772
3e-10 0.000213439
3.125e-10 0.000212494
3.25e-10 0.000211408
3.375e-10 0.000210862
3.5e-10 0.000211542
3.625e-10 0.000213949
3.75e-10 0.000217868
3.875e-10 0.000222903
4e-10 0.000228656
4.125e-10 0.000234686
4.25e-10 0.000240363
4.375e-10 0.000245008
4.5e-10 0.000247945
4.625e-10 0.000248752
4.75e-10 0.000248021
4.875e-10 0.0002466
5e-10 0.000245336
5.125e-10 0.000244833
5.25e-10 0.000244711
5.375e-10 0.000244349
5.5e-10 0.000243123
5.625e-10 0.00024062
5.75e-10 0.000237263
5.875e-10 0.000233684
6e-10 0.000230514
6.125e-10 0.000228269
6.25e-10 0.000226995
6.375e-10 0.000226621
6.5e-10 0.000227075
6.625e-10 0.000228256
6.75e-10 0.000229931
6.875e-10 0.000231839
7e-10 0.000233716
7.125e-10 0.000235409
7.25e-10 0.000237209
7.375e-10 0.000239515
7.5e-10 0.000242728
7.625e-10 0.00024699
7.75e-10 0.000251421
7.875e-10 0.000254885
8e-10 0.000256245
8.125e-10 0.000254721
8.25e-10 0.000250953
8.375e-10 0.000245937
8.5e-10 0.000240672
8.625e-10 0.000236076
8.75e-10 0.000232755
8.875e-10 0.000231239
9e-10 0.000232056
9.125e-10 0.000235376
9.25e-10 0.000239932
9.375e-10 0.000244097
9.5e-10 0.000246245
9.625e-10 0.000245259
9.75e-10 0.000242056
9.875e-10 0.000238062
1e-09 0.000234704
1.0125e-09 0.000233168
1.025e-09 0.000233688
1.0375e-09 0.000236257
1.05e-09 0.00024087
1.0625e-09 0.000247315
1.075e-09 0.000254562
1.0875e-09 0.000261376
1.1e-09 0.000266522
1.1125e-09 0.000269064
1.125e-09 0.000269266
1.1375e-09 0.000267691
1.15e-09 0.000264901
1.1625e-09 0.00026142
1.175e-09 0.000257604
1.1875e-09 0.000253771
1.2e-09 0.000250237
1.2125e-09 0.000247315
1.225e-09 0.00024529
1.2375e-09 0.000244444
1.25e-09 0.00024506
1.2625e-09 0.000247191
1.275e-09 0.000249985
1.2875e-09 0.000252361
1.3e-09 0.000253241
1.3125e-09 0.00025188
1.325e-09 0.00024887
1.3375e-09 0.00024514
1.35e-09 0.000241621
1.3625e-09 0.000239077
1.375e-09 0.000237622
1.3875e-09 0.000237208
1.4e-09 0.000237787
1.4125e-09 0.000239182
1.425e-09 0.000240709
1.4375e-09 0.000241556
1.45e-09 0.000240909
1.4625e-09 0.000238289
1.475e-09 0.000234534
1.4875e-09 0.000230814
1.5e-09 0.000228301
1.5125e-09 0.000227825
1.525e-09 0.000228865
1.5375e-09 0.000230562
1.55e-09 0.000232056
1.5625e-09 0.000232644
1.575e-09 0.000232251
1.5875e-09 0.00023096
1.6e-09 0.000228854
1.6125e-09 0.00022614
1.625e-09 0.000223526
1.6375e-09 0.000221847
1.65e-09 0.000221937
1.6625e-09 0.000224274
1.675e-09 0.000227911
1.6875e-09 0.000231545
1.7e-09 0.000233874
1.7125e-09 0.000233938
1.725e-09 0.000232154
1.7375e-09 0.000229283
1.75e-09 0.000226087
1.7625e-09 0.000223228
1.775e-09 0.000220976
1.7875e-09 0.0002195
1.8e-09 0.000218973
1.8125e-09 0.000219444
1.825e-09 0.000220482
1.8375e-09 0.000221537
1.85e-09 0.000222056
1.8625e-09 0.000221629
1.875e-09 0.000220413
1.8875e-09 0.000218704
1.9e-09 0.000216799
1.9125e-09 0.000215012
1.925e-09 0.000213723
1.9375e-09 0.00021333
1.95e-09 0.00021423
1.9625e-09 0.000216587
1.975e-09 0.000219642
1.9875e-09 0.000222401
2e-09 0.000223874
2.0125e-09 0.000223367
2.025e-09 0.000221392
2.0375e-09 0.000218761
2.05e-09 0.000216285
2.0625e-09 0.000214629
2.075e-09 0.000213876
2.0875e-09 0.000213962
2.1e-09 0.000214822
2.1125e-09 0.000216267
2.125e-09 0.000217604
2.1375e-09 0.000218015
2.15e-09 0.00021668
2.1625e-09 0.000213152
2.175e-09 0.000208464
2.1875e-09 0.000204021
2.2e-09 0.000201226
2.2125e-09 0.00020112
2.225e-09 0.000203298
2.2375e-09 0.000206989
2.25e-09 0.000211423
2.2625e-09 0.000215851
2.275e-09 0.0002196
2.2875e-09 0.000222018
2.3e-09 0.000222451
2.3125e-09 0.000220563
2.325e-09 0.000217289
2.3375e-09 0.000213878
2.35e-09 0.000211581
2.3625e-09 0.000211286
2.375e-09 0.000212431
2.3875e-09 0.000214089
2.4e-09 0.000215336
2.4125e-09 0.000215514
2.425e-09 0.000215035
2.4375e-09 0.000214578
2.45e-09 0.000214822
2.4625e-09 0.000216199
2.475e-09 0.000218147
2.4875e-09 0.000219856
2.5e-09 0.000220514
2.5125e-09 0.000219565
2.525e-09 0.000217457
2.5375e-09 0.000214891
2.55e-09 0.000212569
2.5625e-09 0.000211167
2.575e-09 0.000211261
2.5875e-09 0.000213403
2.6e-09 0.000218143
2.6125e-09 0.00022563
2.625e-09 0.000234407
2.6375e-09 0.00024261
2.65e-09 0.00024838
2.6625e-09 0.00025036
2.675e-09 0.000249221
2.6875e-09 0.00024614
2.7e-09 0.000242293
2.7125e-09 0.000238703
2.725e-09 0.00023578
2.7375e-09 0.000233782
2.75e-09 0.000232965
2.7625e-09 0.000233438
2.775e-09 0.000234716
2.7875e-09 0.000236166
2.8e-09 0.000237154
2.8125e-09 0.00023725
2.825e-09 0.000236829
2.8375e-09 0.000236472
2.85e-09 0.000236759
2.8625e-09 0.000238066
2.875e-09 0.00023996
2.8875e-09 0.000241805
2.9e-09 0.000242965
2.9125e-09 0.000242992
2.925e-09 0.000242196
2.9375e-09 0.000241072
2.95e-09 0.000240119
2.9625e-09 0.000239719
2.975e-09 0.000239806
2.9875e-09 0.000240197
3e-09 0.000240712
3.0125e-09 0.000241137
3.025e-09 0.000241128
3.0375e-09 0.000240309
3.05e-09 0.000238301
3.0625e-09 0.000234928
3.075e-09 0.000230812
3.0875e-09 0.000226774
3.1e-09 0.000223637
3.1125e-09 0.000221999
3.125e-09 0.000221566
3.1375e-09 0.000221823
3.15e-09 0.000222253
3.1625e-09 0.000222411
3.175e-09 0.00022214
3.1875e-09 0.000221352
3.2e-09 0.000219961
3.2125e-09 0.000218028
3.225e-09 0.000216201
3.2375e-09 0.000215276
3.25e-09 0.000216048
3.2625e-09 0.000218983
3.275e-09 0.000223231
3.2875e-09 0.000227612
3.3e-09 0.000230949
3.3125e-09 0.00023237
3.325e-09 0.000232242
3.3375e-09 0.00023124
3.35e-09 0.00023004
3.3625e-09 0.000229149
3.375e-09 0.00022841
3.3875e-09 0.000227498
3.4e-09 0.000226087
3.4125e-09 0.000224033
3.425e-09 0.000221911
3.4375e-09 0.000220473
3.45e-09 0.000220475
3.4625e-09 0.000222464
3.475e-09 0.000226168
3.4875e-09 0.000231106
3.5e-09 0.000236799
3.5125e-09 0.000242708
3.525e-09 0.000248059
3.5375e-09 0.000252019
3.55e-09 0.000253755
3.5625e-09 0.000252737
3.575e-09 0.00024965
3.5875e-09 0.000245484
3.6e-09 0.000241226
3.6125e-09 0.000237731
3.625e-09 0.000235318
3.6375e-09 0.000234168
3.65e-09 0.000234467
3.6625e-09 0.000236202
3.675e-09 0.000238587
3.6875e-09 0.000240642
3.7e-09 0.000241384
3.7125e-09 0.000240135
3.725e-09 0.000237425
3.7375e-09 0.000234086
3.75e-09 0.000230949
3.7625e-09 0.000228652
3.775e-09 0.000227055
3.7875e-09 0.000225824
3.8e-09 0.000224625
3.8125e-09 0.000223227
3.825e-09 0.000221812
3.8375e-09 0.000220668
3.85e-09 0.000220079
3.8625e-09 0.00022018
3.875e-09 0.000220491
3.8875e-09 0.000220378
3.9e-09 0.00021921
3.9125e-09 0.000216618
3.925e-09 0.000213292
3.9375e-09 0.000210188
3.95e-09 0.000208261
3.9625e-09 0.000208216
3.975e-09 0.000209758
3.9875e-09 0.000212339
4e-09 0.000215415
4.0125e-09 0.000218475
4.025e-09 0.000221152
4.0375e-09 0.000223115
4.05e-09 0.000224032
4.0625e-09 0.000223738
4.075e-09 0.000222735
4.0875e-09 0.000221688
4.1e-09 0.000221265
4.1125e-09 0.000221969
4.125e-09 0.000223642
4.1375e-09 0.000225965
4.15e-09 0.000228617
4.1625e-09 0.000231319
4.175e-09 0.000233967
4.1875e-09 0.0002365
4.2e-09 0.000238854
4.2125e-09 0.000241028
4.225e-09 0.000243257
4.2375e-09 0.000245833
4.25e-09 0.000249052
4.2625e-09 0.00025299
4.275e-09 0.000256862
4.2875e-09 0.000259665
4.3e-09 0.000260396
4.3125e-09 0.000258401
4.325e-09 0.000254426
4.3375e-09 0.000249561
4.35e-09 0.000244901
4.3625e-09 0.000241303
4.375e-09 0.000238679
4.3875e-09 0.000236705
4.4e-09 0.00023506
4.4125e-09 0.000233388
4.425e-09 0.000231217
4.4375e-09 0.000228043
4.45e-09 0.00022336
4.4625e-09 0.000216931
4.475e-09 0.000209581
4.4875e-09 0.000202401
4.5e-09 0.000196483
4.5125e-09 0.000192616
4.525e-09 0.000190391
4.5375e-09 0.000189097
4.55e-09 0.000188024
4.5625e-09 0.00018654
4.575e-09 0.000184323
4.5875e-09 0.00018113
4.6e-09 0.00017672
4.6125e-09 0.000170985
4.625e-09 0.000164371
4.6375e-09 0.000157459
4.65e-09 0.00015083
4.6625e-09 0.000144986
4.675e-09 0.000140103
4.6875e-09 0.000136275
4.7e-09 0.000133597
4.7125e-09 0.000132131
4.725e-09 0.000131801
4.7375e-09 0.000132498
4.75e-09 0.000134111
4.7625e-09 0.000136465
4.775e-09 0.000139113
4.7875e-09 0.000141543
4.8e-09 0.000143241
4.8125e-09 0.000143906
4.825e-09 0.000144072
4.8375e-09 0.000144485
4.85e-09 0.00014589
4.8625e-09 0.000148798
4.875e-09 0.000152787
4.8875e-09 0.000157201
4.9e-09 0.000161384
4.9125e-09 0.000164868
4.925e-09 0.000167943
4.9375e-09 0.000171089
4.95e-09 0.000174783
4.9625e-09 0.000179423
4.975e-09 0.000185081
4.9875e-09 0.000191746
5e-09 0.000199407
5.0125e-09 0.00020782
5.025e-09 0.000215796
5.0375e-09 0.000221912
5.05e-09 0.000224743
5.0625e-09 0.000223464
5.075e-09 0.000219636
5.0875e-09 0.000215417
5.1e-09 0.000212965
5.1125e-09 0.000213922
5.125e-09 0.000217864
5.1375e-09 0.000223853
5.15e-09 0.000230949
5.1625e-09 0.000238219
5.175e-09 0.000244763
5.1875e-09 0.000249686
5.2e-09 0.000252095
5.2125e-09 0.000251515
5.225e-09 0.000249148
5.2375e-09 0.000246614
5.25e-09 0.000245534
5.2625e-09 0.00024708
5.275e-09 0.000250625
5.2875e-09 0.000255093
5.3e-09 0.000259407
5.3125e-09 0.000262694
5.325e-09 0.000264877
5.3375e-09 0.000266085
5.35e-09 0.000266443
5.3625e-09 0.000266164
5.375e-09 0.000265807
5.3875e-09 0.000266015
5.4e-09 0.000267431
5.4125e-09 0.000270465
5.425e-09 0.000274585
5.4375e-09 0.00027902
5.45e-09 0.000283004
5.4625e-09 0.000285906
5.475e-09 0.000287645
5.4875e-09 0.000288279
5.5e-09 0.000287866
5.5125e-09 0.000286554
5.525e-09 0.000284862
5.5375e-09 0.000283396
5.55e-09 0.000282767
5.5625e-09 0.000283375
5.575e-09 0.000284792
5.5875e-09 0.000286383
5.6e-09 0.00028751
5.6125e-09 0.000287737
5.625e-09 0.000287418
5.6375e-09 0.000287106
5.65e-09 0.000287352
5.6625e-09 0.000288517
5.675e-09 0.000290191
5.6875e-09 0.000291769
5.7e-09 0.000292649
5.7125e-09 0.000292377
5.725e-09 0.000291104
5.7375e-09 0.000289131
5.75e-09 0.000286759
5.7625e-09 0.000284303
5.775e-09 0.00028213
5.7875e-09 0.000280621
5.8e-09 0.000280158
5.8125e-09 0.000280906
5.825e-09 0.000282158
5.8375e-09 0.000282994
5.85e-09 0.00028249
5.8625e-09 0.000280076
5.875e-09 0.000276572
5.8875e-09 0.000273152
5.9e-09 0.000270988
5.9125e-09 0.000270968
5.925e-09 0.00027284
5.9375e-09 0.000276069
5.95e-09 0.000280119
5.9625e-09 0.00028435
5.975e-09 0.000287698
5.9875e-09 0.000288996
6e-09 0.000287075
6.0125e-09 0.000281284
6.025e-09 0.000273039
6.0375e-09 0.000264272
6.05e-09 0.000256917
6.0625e-09 0.000252411
6.075e-09 0.000250212
6.0875e-09 0.00024928
6.1e-09 0.000248577
6.1125e-09 0.000247312
6.125e-09 0.000245677
6.1375e-09 0.000244108
6.15e-09 0.000243044
6.1625e-09 0.000242787
6.175e-09 0.000243101
6.1875e-09 0.000243614
6.2e-09 0.000243953
6.2125e-09 0.000243737
6.225e-09 0.000242547
6.2375e-09 0.000239956
6.25e-09 0.000235534
6.2625e-09 0.000229187
6.275e-09 0.000222156
6.2875e-09 0.000216013
6.3e-09 0.000212332
6.3125e-09 0.000212155
6.325e-09 0.000214393
6.3375e-09 0.00021743
6.35e-09 0.000219645
6.3625e-09 0.000219832
6.375e-09 0.000218439
6.3875e-09 0.000216325
6.4e-09 0.000214348
6.4125e-09 0.000213152
6.425e-09 0.000212514
6.4375e-09 0.000211992
6.45e-09 0.000211147
6.4625e-09 0.000209656
6.475e-09 0.000207674
6.4875e-09 0.000205471
6.5e-09 0.00020332
6.5125e-09 0.000201515
6.525e-09 0.000200435
6.5375e-09 0.000200482
6.55e-09 0.000202056
6.5625e-09 0.00020531
6.575e-09 0.000209402
6.5875e-09 0.00021324
6.6e-09 0.000215732
6.6125e-09 0.000216141
6.625e-09 0.000215151
6.6375e-09 0.000213799
6.65e-09 0.000213123
6.6625e-09 0.000213995
6.675e-09 0.000216626
6.6875e-09 0.000221063
6.7e-09 0.000227352
6.7125e-09 0.000235298
6.725e-09 0.000243742
6.7375e-09 0.000251283
6.75e-09 0.000256522
6.7625e-09 0.0002585
6.775e-09 0.000258032
6.7875e-09 0.000256374
6.8e-09 0.000254783
6.8125e-09 0.000254254
6.825e-09 0.000254738
6.8375e-09 0.000255927
6.85e-09 0.00025751
6.8625e-09 0.00025921
6.875e-09 0.000260869
6.8875e-09 0.00026236
6.9e-09 0.000263558
6.9125e-09 0.000264442
6.925e-09 0.000265421
6.9375e-09 0.00026701
6.95e-09 0.000269724
6.9625e-09 0.000273809
6.975e-09 0.000278438
6.9875e-09 0.000282514
7e-09 0.000284941
7.0125e-09 0.00028498
7.025e-09 0.000283321
7.0375e-09 0.000281009
7.05e-09 0.000279091
7.0625e-09 0.00027841
7.075e-09 0.000278988
7.0875e-09 0.000280646
7.1e-09 0.000283202
7.1125e-09 0.000286377
7.125e-09 0.000289494
7.1375e-09 0.000291778
7.15e-09 0.000292451
7.1625e-09 0.000291073
7.175e-09 0.000288541
7.1875e-09 0.000286086
7.2e-09 0.000284941
7.2125e-09 0.000285953
7.225e-09 0.000288435
7.2375e-09 0.000291313
7.25e-09 0.000293518
7.2625e-09 0.000294171
7.275e-09 0.000293173
7.2875e-09 0.000290618
7.3e-09 0.000286601
7.3125e-09 0.000281419
7.325e-09 0.000276175
7.3375e-09 0.000272171
7.35e-09 0.000270712
7.3625e-09 0.000272634
7.375e-09 0.000276908
7.3875e-09 0.000282036
7.4e-09 0.000286522
7.4125e-09 0.00028912
7.425e-09 0.000289594
7.4375e-09 0.000287958
7.45e-09 0.00028423
7.4625e-09 0.000278637
7.475e-09 0.000272269
7.4875e-09 0.000266426
7.5e-09 0.000262411
7.5125e-09 0.000261079
7.525e-09 0.000261491
7.5375e-09 0.000262265
7.55e-09 0.000262016
7.5625e-09 0.000259681
7.575e-09 0.000255483
7.5875e-09 0.000249966
7.6e-09 0.000243676
7.6125e-09 0.000237247
7.625e-09 0.000231678
7.6375e-09 0.000228056
7.65e-09 0.000227471
7.6625e-09 0.000230495
7.675e-09 0.00023564
7.6875e-09 0.000240899
7.7e-09 0.000244269
7.7125e-09 0.000244226
7.725e-09 0.00024118
7.7375e-09 0.000236022
7.75e-09 0.000229645
7.7625e-09 0.000222908
7.775e-09 0.000216548
7.7875e-09 0.000211273
7.8e-09 0.000207787
7.8125e-09 0.000206518
7.825e-09 0.000206774
7.8375e-09 0.000207586
7.85e-09 0.000207985
7.8625e-09 0.000207234
7.875e-09 0.000205538
7.8875e-09 0.000203336
7.9e-09 0.000201068
7.9125e-09 0.000199023
7.925e-09 0.000196898
7.9375e-09 0.000194239
7.95e-09 0.000190593
7.9625e-09 0.000185706
7.975e-09 0.000180115
7.9875e-09 0.000174556
8e-09 0.000169763
8.0125e-09 0.000166341
8.025e-09 0.000164362
8.0375e-09 0.00016377
8.05e-09 0.000164506
8.0625e-09 0.00016641
8.075e-09 0.000168914
8.0875e-09 0.000171348
8.1e-09 0.000173044
8.1125e-09 0.000173513
8.125e-09 0.000172998
8.1375e-09 0.000171922
8.15e-09 0.000170712
8.1625e-09 0.000169712
8.175e-09 0.000168955
8.1875e-09 0.000168394
8.2e-09 0.000167984
8.2125e-09 0.000167737
8.225e-09 0.000167895
8.2375e-09 0.00016876
8.25e-09 0.000170633
8.2625e-09 0.000173668
8.275e-09 0.000177436
8.2875e-09 0.000181359
8.3e-09 0.000184862
8.3125e-09 0.000187424
8.325e-09 0.000188752
8.3375e-09 0.00018861
8.35e-09 0.000186759
8.3625e-09 0.000183209
8.375e-09 0.000178941
8.3875e-09 0.000175183
8.4e-09 0.000173162
8.4125e-09 0.000173751
8.425e-09 0.000176396
8.4375e-09 0.000180191
8.45e-09 0.00018423
8.4625e-09 0.000187805
8.475e-09 0.000191016
8.4875e-09 0.000194164
8.5e-09 0.00019755
8.5125e-09 0.000201374
8.525e-09 0.000205437
8.5375e-09 0.00020944
8.55e-09 0.000213083
8.5625e-09 0.000216045
8.575e-09 0.00021791
8.5875e-09 0.000218241
8.6e-09 0.000216601
8.6125e-09 0.000212914
8.625e-09 0.000208552
8.6375e-09 0.00020525
8.65e-09 0.000204743
8.6625e-09 0.000208123
8.675e-09 0.000213911
8.6875e-09 0.000219987
8.7e-09 0.00022423
8.7125e-09 0.000224988
8.725e-09 0.000222486
8.7375e-09 0.000217417
8.75e-09 0.000210475
8.7625e-09 0.000202453
8.775e-09 0.000194551
8.7875e-09 0.00018807
8.8e-09 0.000184309
8.8125e-09 0.00018411
8.825e-09 0.000186484
8.8375e-09 0.000189984
8.85e-09 0.000193162
8.8625e-09 0.000194833
8.875e-09 0.000194855
8.8875e-09 0.000193349
8.9e-09 0.000190435
8.9125e-09 0.000186361
8.925e-09 0.00018188
8.9375e-09 0.000177872
8.95e-09 0.000175218
8.9625e-09 0.000174532
8.975e-09 0.000175369
8.9875e-09 0.00017702
9e-09 0.000178775
9.0125e-09 0.000180021
9.025e-09 0.000180538
9.0375e-09 0.000180204
9.05e-09 0.000178894
9.0625e-09 0.000176611
9.075e-09 0.000173857
9.0875e-09 0.00017126
9.1e-09 0.000169447
9.1125e-09 0.000168903
9.125e-09 0.000169553
9.1375e-09 0.000171177
9.15e-09 0.000173558
9.1625e-09 0.00017646
9.175e-09 0.000179575
9.1875e-09 0.000182576
9.2e-09 0.000185139
9.2125e-09 0.000187011
9.225e-09 0.000188243
9.2375e-09 0.00018896
9.25e-09 0.000189289
9.2625e-09 0.000189359
9.275e-09 0.000189323
9.2875e-09 0.00018934
9.3e-09 0.000189566
9.3125e-09 0.000190088
9.325e-09 0.000190711
9.3375e-09 0.000191166
9.35e-09 0.000191186
9.3625e-09 0.000190595
9.375e-09 0.000189583
9.3875e-09 0.000188435
9.4e-09 0.000187431
9.4125e-09 0.000186788
9.425e-09 0.000186446
9.4375e-09 0.000186281
9.45e-09 0.000186166
9.4625e-09 0.000186048
9.475e-09 0.000186161
9.4875e-09 0.00018681
9.5e-09 0.000188301
9.5125e-09 0.000190769
9.525e-09 0.000193666
9.5375e-09 0.000196271
9.55e-09 0.000197866
9.5625e-09 0.000197952
9.575e-09 0.000196925
9.5875e-09 0.000195399
9.6e-09 0.000193992
9.6125e-09 0.000193311
9.625e-09 0.00019392
9.6375e-09 0.000196373
9.65e-09 0.000201226
9.6625e-09 0.000208694
9.675e-09 0.000217641
9.6875e-09 0.000226592
9.7e-09 0.000234071
9.7125e-09 0.000238936
9.725e-09 0.000241372
9.7375e-09 0.000241896
9.75e-09 0.000241028
9.7625e-09 0.000239271
9.775e-09 0.000237072
9.7875e-09 0.000234865
9.8e-09 0.000233083
9.8125e-09 0.000231967
9.825e-09 0.000230981
9.8375e-09 0.000229396
9.85e-09 0.000226483
9.8625e-09 0.000221891
9.875e-09 0.000216791
9.8875e-09 0.000212733
9.9e-09 0.000211265
9.9125e-09 0.000213391
9.925e-09 0.000217932
9.9375e-09 0.000223161
9.95e-09 0.000227352
9.9625e-09 0.000229179
9.975e-09 0.000228908
9.9875e-09 0.000227208
1e-08 0.000224743
1.00125e-08 0.000222174
1.0025e-08 0.000220122
1.00375e-08 0.000219206
1.005e-08 0.00022004
1.00625e-08 0.00022295
1.0075e-08 0.000227101
1.00875e-08 0.000231368
1.01e-08 0.000234625
1.01125e-08 0.00023604
1.0125e-08 0.000235961
1.01375e-08 0.000235025
1.015e-08 0.000233874
1.01625e-08 0.000232948
1.0175e-08 0.000231894
1.01875e-08 0.00023016
1.02e-08 0.000227194
1.02125e-08 0.000222695
1.0225e-08 0.000217365
1.02375e-08 0.000212157
1.025e-08 0.000208024
1.02625e-08 0.000205772
1.0275e-08 0.000205615
1.02875e-08 0.000207622
1.03e-08 0.000211858
1.03125e-08 0.000218154
1.0325e-08 0.000225383
1.03375e-08 0.000232185
1.035e-08 0.000237194
1.03625e-08 0.000239467
1.0375e-08 0.000239735
1.03875e-08 0.000239147
1.04e-08 0.000238854
1.04125e-08 0.000239708
1.0425e-08 0.00024138
1.04375e-08 0.000243241
1.045e-08 0.000244664
1.04625e-08 0.000245179
1.0475e-08 0.000244931
1.04875e-08 0.000244224
1.05e-08 0.00024336
1.05125e-08 0.000242648
1.0525e-08 0.000242422
1.05375e-08 0.00024302
1.055e-08 0.000244783
1.05625e-08 0.000247859
1.0575e-08 0.000251634
1.05875e-08 0.000255304
1.06e-08 0.000258064
1.06125e-08 0.000259299
1.0625e-08 0.000259153
1.06375e-08 0.000257958
1.065e-08 0.000256048
1.06625e-08 0.000253821
1.0675e-08 0.000251945
1.06875e-08 0.000251152
1.07e-08 0.000252174
1.07125e-08 0.00025539
1.0725e-08 0.000259754
1.07375e-08 0.000263866
1.075e-08 0.000266324
1.07625e-08 0.000266103
1.0775e-08 0.000263674
1.07875e-08 0.000259882
1.08e-08 0.000255573
1.08125e-08 0.000251485
1.0825e-08 0.000247914
1.08375e-08 0.00024505
1.085e-08 0.000243083
1.08625e-08 0.000242085
1.0875e-08 0.000241664
1.08875e-08 0.000241309
1.09e-08 0.000240514
1.09125e-08 0.000238909
1.0925e-08 0.000236689
1.09375e-08 0.000234187
1.095e-08 0.000231739
1.09625e-08 0.000229558
1.0975e-08 0.000227369
1.09875e-08 0.000224776
1.1e-08 0.000221384
1.10125e-08 0.000216994
1.1025e-08 0.000212203
1.10375e-08 0.000207802
1.105e-08 0.000204585
1.10625e-08 0.00020313
1.1075e-08 0.00020315
1.10875e-08 0.000204144
1.11e-08 0.000205613
1.11125e-08 0.00020708
1.1125e-08 0.000208175
1.11375e-08 0.000208552
1.115e-08 0.000207866
1.11625e-08 0.000205982
1.1175e-08 0.000203605
1.11875e-08 0.000201649
1.12e-08 0.000201028
1.12125e-08 0.000202308
1.1225e-08 0.000204651
1.12375e-08 0.000206873
1.125e-08 0.000207787
1.12625e-08 0.000206577
1.1275e-08 0.000203908
1.12875e-08 0.000200817
1.13e-08 0.00019834
1.13125e-08 0.000197284
1.1325e-08 0.000197535
1.13375e-08 0.000198752
1.135e-08 0.000200593
1.13625e-08 0.000202662
1.1375e-08 0.000204348
1.13875e-08 0.000204987
1.14e-08 0.000203913
1.14125e-08 0.000200779
1.1425e-08 0.000196496
1.14375e-08 0.000192296
1.145e-08 0.000189407
1.14625e-08 0.000188751
1.1475e-08 0.000190014
1.14875e-08 0.000192574
1.15e-08 0.000195811
1.15125e-08 0.000199166
1.1525e-08 0.000202344
1.15375e-08 0.00020511
1.155e-08 0.000207234
1.15625e-08 0.0002086
1.1575e-08 0.000209571
1.15875e-08 0.000210629
1.16e-08 0.000212253
1.16125e-08 0.000214779
1.1625e-08 0.000217951
1.16375e-08 0.000221367
1.165e-08 0.000224625
1.16625e-08 0.000227393
1.1675e-08 0.000229625
1.16875e-08 0.000231343
1.17e-08 0.000232569
1.17125e-08 0.000233293
1.1725e-08 0.000233363
1.17375e-08 0.000232591
1.175e-08 0.000230791
1.17625e-08 0.000227894
1.1775e-08 0.000224302
1.17875e-08 0.000220536
1.18e-08 0.000217115
1.18125e-08 0.000214464
1.1825e-08 0.000212631
1.18375e-08 0.000211567
1.185e-08 0.000211226
1.18625e-08 0.000211545
1.1875e-08 0.000212413
1.18875e-08 0.000213705
1.19e-08 0.000215297
1.19125e-08 0.000217098
1.1925e-08 0.000219166
1.19375e-08 0.000221591
1.195e-08 0.000224467
1.19625e-08 0.000227777
1.1975e-08 0.000231078
1.19875e-08 0.000233821
1.2e-08 0.000235455
1.20125e-08 0.000235601
1.2025e-08 0.000234562
1.20375e-08 0.000232814
1.205e-08 0.00023083
1.20625e-08 0.000229049
1.2075e-08 0.000227756
1.20875e-08 0.0002272
1.21e-08 0.000227629
1.21125e-08 0.000229121
1.2125e-08 0.000231071
1.21375e-08 0.000232703
1.215e-08 0.000233241
1.21625e-08 0.000232178
1.2175e-08 0.000230078
1.21875e-08 0.00022777
1.22e-08 0.000226087
1.22125e-08 0.000225627
1.2225e-08 0.000226052
1.22375e-08 0.000226791
1.225e-08 0.000227273
1.22625e-08 0.000227073
1.2275e-08 0.00022635
1.22875e-08 0.000225406
1.23e-08 0.000224546
1.23125e-08 0.000224008
1.2325e-08 0.000223773
1.23375e-08 0.000223757
1.235e-08 0.000223874
1.23625e-08 0.000224022
1.2375e-08 0.000224023
1.23875e-08 0.000223683
1.24e-08 0.000222807
1.24125e-08 0.000221256
1.2425e-08 0.000219128
1.24375e-08 0.000216576
1.245e-08 0.000213755
1.24625e-08 0.000210851
1.2475e-08 0.000208177
1.24875e-08 0.000206079
1.25e-08 0.000204902
1.25125e-08 0.000204866
1.2525e-08 0.000205695
1.25375e-08 0.000206987
1.255e-08 0.00020834
1.25625e-08 0.000209447
1.2575e-08 0.000210382
1.25875e-08 0.000211314
1.26e-08 0.000212411
1.26125e-08 0.000213746
1.2625e-08 0.000215001
1.26375e-08 0.000215761
1.265e-08 0.000215613
1.26625e-08 0.000214342
1.2675e-08 0.00021254
1.26875e-08 0.000211
1.27e-08 0.000210514
1.27125e-08 0.000211603
1.2725e-08 0.000213703
1.27375e-08 0.000215977
1.275e-08 0.000217589
1.27625e-08 0.000217856
1.2775e-08 0.000216705
1.27875e-08 0.000214217
1.28e-08 0.000210475
1.28125e-08 0.000205718
1.2825e-08 0.000200834
1.28375e-08 0.000196866
1.285e-08 0.000194862
1.28625e-08 0.000195572
1.2875e-08 0.000198565
1.28875e-08 0.000203115
1.29e-08 0.000208498
1.29125e-08 0.000213969
1.2925e-08 0.000218705
1.29375e-08 0.000221865
1.295e-08 0.000222609
1.29625e-08 0.000220438
1.2975e-08 0.000216223
1.29875e-08 0.00021118
1.3e-08 0.000206522
1.30125e-08 0.000203277
1.3025e-08 0.000201729
1.30375e-08 0.000201975
1.305e-08 0.000204111
1.30625e-08 0.000208058
1.3075e-08 0.000213027
1.30875e-08 0.000218054
1.31e-08 0.000222174
1.31125e-08 0.000224705
1.3125e-08 0.000226091
1.31375e-08 0.000227061
1.315e-08 0.00022834
1.31625e-08 0.000230517
1.3175e-08 0.000233622
1.31875e-08 0.000237544
1.32e-08 0.000242174
1.32125e-08 0.000247411
1.3225e-08 0.000253192
1.32375e-08 0.000259461
1.325e-08 0.000266166
1.32625e-08 0.000273083
1.3275e-08 0.000279315
1.32875e-08 0.000283794
1.33e-08 0.000285455
1.33125e-08 0.000283641
1.3325e-08 0.000279334
1.33375e-08 0.000273928
1.335e-08 0.000268815
1.33625e-08 0.000265172
1.3375e-08 0.000263316
1.33875e-08 0.00026335
1.34e-08 0.000265376
1.34125e-08 0.00026927
1.3425e-08 0.000274014
1.34375e-08 0.000278361
1.345e-08 0.000281068
1.34625e-08 0.000281304
1.3475e-08 0.000279904
1.34875e-08 0.000278118
1.35e-08 0.000277194
1.35125e-08 0.00027802
1.3525e-08 0.000280033
1.35375e-08 0.000282306
1.355e-08 0.000283913
1.35625e-08 0.000284123
1.3575e-08 0.000282979
1.35875e-08 0.000280722
1.36e-08 0.000277589
1.36125e-08 0.00027387
1.3625e-08 0.000270047
1.36375e-08 0.000266656
1.365e-08 0.00026423
1.36625e-08 0.000263081
1.3675e-08 0.000262643
1.36875e-08 0.000262129
1.37e-08 0.000260751
1.37125e-08 0.000257991
1.3725e-08 0.000254401
1.37375e-08 0.000250805
1.375e-08 0.000248024
1.37625e-08 0.000246622
1.3775e-08 0.000246131
1.37875e-08 0.000245826
1.38e-08 0.000244981
1.38125e-08 0.000243087
1.3825e-08 0.000240512
1.38375e-08 0.000237839
1.385e-08 0.000235652
1.38625e-08 0.000234407
1.3875e-08 0.000234044
1.38875e-08 0.000234377
1.39e-08 0.000235218
1.39125e-08 0.000236356
1.3925e-08 0.000237487
1.39375e-08 0.000238284
1.395e-08 0.000238419
1.39625e-08 0.000237738
1.3975e-08 0.00023678
1.39875e-08 0.000236255
1.4e-08 0.000236878
1.40125e-08 0.000239089
1.4025e-08 0.000242254
1.40375e-08 0.000245468
1.405e-08 0.000247826
1.40625e-08 0.00024862
1.4075e-08 0.000247921
1.40875e-08 0.000245999
1.41e-08 0.000243123
1.41125e-08 0.000239603
1.4125e-08 0.000235916
1.41375e-08 0.000232581
1.415e-08 0.000230119
1.41625e-08 0.000228867
1.4175e-08 0.000228448
1.41875e-08 0.0002283
1.42e-08 0.000227866
1.42125e-08 0.000226804
1.4225e-08 0.000225646
1.42375e-08 0.000225144
1.425e-08 0.000226048
1.42625e-08 0.000228857
1.4275e-08 0.000233066
1.42875e-08 0.000237915
1.43e-08 0.000242649
1.43125e-08 0.000246574
1.4325e-08 0.000249267
1.43375e-08 0.000250371
1.435e-08 0.000249526
1.43625e-08 0.000246671
1.4375e-08 0.000242926
1.43875e-08 0.000239703
1.44e-08 0.000238419
1.44125e-08 0.0002401
1.4425e-08 0.00024422
1.44375e-08 0.000249867
1.445e-08 0.000256127
1.44625e-08 0.000262159
1.4475e-08 0.000267409
1.44875e-08 0.000271395
1.45e-08 0.000273637
1.45125e-08 0.000273847
1.4525e-08 0.000272521
1.45375e-08 0.00027035
1.455e-08 0.000268024
1.45625e-08 0.000266121
1.4575e-08 0.000264768
1.45875e-08 0.000263975
1.46e-08 0.000263755
1.46125e-08 0.000264072
1.4625e-08 0.000264686
1.46375e-08 0.000265309
1.465e-08 0.000265652
1.46625e-08 0.000265522
1.4675e-08 0.000265094
1.46875e-08 0.000264639
1.47e-08 0.000264427
1.47125e-08 0.000264681
1.4725e-08 0.000265426
1.47375e-08 0.00026664
1.475e-08 0.000268301
1.47625e-08 0.000270353
1.4775e-08 0.000272608
1.47875e-08 0.000274844
1.48e-08 0.000276838
1.48125e-08 0.000278399
1.4825e-08 0.00027945
1.48375e-08 0.000279947
1.485e-08 0.000279842
1.48625e-08 0.000279103
1.4875e-08 0.000277746
1.48875e-08 0.000275796
1.49e-08 0.000273281
1.49125e-08 0.000270255
1.4925e-08 0.000266877
1.49375e-08 0.000263331
1.495e-08 0.000259803
1.49625e-08 0.00025649
1.4975e-08 0.000253646
1.49875e-08 0.000251539
1.5e-08 0.000250435
1.50125e-08 0.000250447
1.5025e-08 0.000251064
1.50375e-08 0.000251625
1.505e-08 0.000251463
1.50625e-08 0.000250148
1.5075e-08 0.00024818
1.50875e-08 0.000246292
1.51e-08 0.000245218
1.51125e-08 0.000245516
1.5125e-08 0.000247052
1.51375e-08 0.000249519
1.515e-08 0.000252609
1.51625e-08 0.000256033
1.5175e-08 0.000259577
1.51875e-08 0.000263047
1.52e-08 0.000266245
1.52125e-08 0.000268969
1.5225e-08 0.000270974
1.52375e-08 0.000272008
1.525e-08 0.000271819
1.52625e-08 0.000270252
1.5275e-08 0.00026756
1.52875e-08 0.000264091
1.53e-08 0.000260198
1.53125e-08 0.000256255
1.5325e-08 0.000252741
1.53375e-08 0.000250159
1.535e-08 0.000249012
1.53625e-08 0.000249617
1.5375e-08 0.000251546
1.53875e-08 0.000254185
1.54e-08 0.000256917
1.54125e-08 0.000259222
1.5425e-08 0.000260942
1.54375e-08 0.000262013
1.545e-08 0.000262372
1.54625e-08 0.000262006
1.5475e-08 0.000261115
1.54875e-08 0.000259954
1.55e-08 0.000258775
1.55125e-08 0.00025771
1.5525e-08 0.000256402
1.55375e-08 0.000254374
1.555e-08 0.000251147
1.55625e-08 0.000246489
1.5575e-08 0.000241154
1.55875e-08 0.000236141
1.56e-08 0.000232451
1.56125e-08 0.000230824
1.5625e-08 0.00023097
1.56375e-08 0.000232341
1.565e-08 0.000234388
1.56625e-08 0.000236529
1.5675e-08 0.000238051
1.56875e-08 0.000238206
1.57e-08 0.000236245
1.57125e-08 0.000231854
1.5725e-08 0.000226442
1.57375e-08 0.00022185
1.575e-08 0.000219921
1.57625e-08 0.000221947
1.5775e-08 0.000227028
1.57875e-08 0.000233713
1.58e-08 0.000240554
1.58125e-08 0.00024632
1.5825e-08 0.000250666
1.58375e-08 0.000253463
1.585e-08 0.000254585
1.58625e-08 0.000254026
1.5875e-08 0.000252261
1.58875e-08 0.00024989
1.59e-08 0.00024751
1.59125e-08 0.000245625
1.5925e-08 0.000244366
1.59375e-08 0.00024377
1.595e-08 0.000243874
1.59625e-08 0.000244636
1.5975e-08 0.000245704
1.59875e-08 0.000246648
1.6e-08 0.000247036
1.60125e-08 0.000246568
1.6025e-08 0.000245466
1.60375e-08 0.000244082
1.605e-08 0.000242767
1.60625e-08 0.000241828
1.6075e-08 0.000241386
1.60875e-08 0.000241516
1.61e-08 0.000242293
1.61125e-08 0.000243704
1.6125e-08 0.000245381
1.61375e-08 0.000246868
1.615e-08 0.000247708
1.61625e-08 0.000247549
1.6175e-08 0.000246455
1.61875e-08 0.000244594
1.62e-08 0.000242135
1.62125e-08 0.000239304
1.6225e-08 0.000236559
1.62375e-08 0.000234419
1.625e-08 0.0002334
1.62625e-08 0.000233829
1.6275e-08 0.000235279
1.62875e-08 0.000237133
1.63e-08 0.000238775
1.63125e-08 0.000239763
1.6325e-08 0.000240356
1.63375e-08 0.000240989
1.635e-08 0.000242095
1.63625e-08 0.000243916
1.6375e-08 0.000245913
1.63875e-08 0.000247355
1.64e-08 0.00024751
1.64125e-08 0.000245943
1.6425e-08 0.000243409
1.64375e-08 0.000240959
1.645e-08 0.000239645
1.64625e-08 0.000240212
1.6475e-08 0.000242182
1.64875e-08 0.000244771
1.65e-08 0.000247194
1.65125e-08 0.000248774
1.6525e-08 0.000249267
1.65375e-08 0.000248536
1.655e-08 0.000246443
1.65625e-08 0.000243092
1.6575e-08 0.000239541
1.65875e-08 0.000237089
1.66e-08 0.000237036
1.66125e-08 0.000240208
1.6625e-08 0.000245546
1.66375e-08 0.00025152
1.665e-08 0.000256601
1.66625e-08 0.000259575
1.6675e-08 0.000260501
1.66875e-08 0.000259753
1.67e-08 0.000257708
1.67125e-08 0.000254835
1.6725e-08 0.000251979
1.67375e-08 0.000250081
1.675e-08 0.000250079
1.67625e-08 0.000252494
1.6775e-08 0.00025616
1.67875e-08 0.000259494
1.68e-08 0.000260909
1.68125e-08 0.000259247
1.6825e-08 0.000255042
1.68375e-08 0.000249255
1.685e-08 0.000242846
1.68625e-08 0.000236723
1.6875e-08 0.00023158
1.68875e-08 0.000228058
1.69e-08 0.000226799
1.69125e-08 0.000228135
1.6925e-08 0.000231165
1.69375e-08 0.00023468
1.695e-08 0.000237471
1.69625e-08 0.000238632
1.6975e-08 0.000238479
1.69875e-08 0.000237635
1.7e-08 0.00023672
1.70125e-08 0.000236307
1.7025e-08 0.000236782
1.70375e-08 0.000238481
1.705e-08 0.000241739
1.70625e-08 0.000246631
1.7075e-08 0.00025217
1.70875e-08 0.000257109
1.71e-08 0.000260198
1.71125e-08 0.000260533
1.7125e-08 0.00025859
1.71375e-08 0.000255188
1.715e-08 0.000251147
1.71625e-08 0.000247197
1.7175e-08 0.000243718
1.71875e-08 0.000240998
1.72e-08 0.000239328
1.72125e-08 0.000238821
1.7225e-08 0.000238887
1.72375e-08 0.000238758
1.725e-08 0.000237668
1.72625e-08 0.000235181
1.7275e-08 0.000232184
1.72875e-08 0.000229893
1.73e-08 0.000229526
1.73125e-08 0.000231856
1.7325e-08 0.000235882
1.73375e-08 0.000240159
1.735e-08 0.000243241
1.73625e-08 0.000244048
1.7375e-08 0.000242954
1.73875e-08 0.0002407
1.74e-08 0.000238024
1.74125e-08 0.000235607
1.7425e-08 0.000233893
1.74375e-08 0.000233266
1.745e-08 0.000234111
1.74625e-08 0.000236554
1.7475e-08 0.000239696
1.74875e-08 0.000242377
1.75e-08 0.000243439
1.75125e-08 0.000242117
1.7525e-08 0.000239213
1.75375e-08 0.000235922
1.755e-08 0.000233439
1.75625e-08 0.00023263
1.7575e-08 0.000233053
1.75875e-08 0.000233935
1.76e-08 0.000234506
1.76125e-08 0.000234182
1.7625e-08 0.000233127
1.76375e-08 0.000231695
1.765e-08 0.000230238
1.76625e-08 0.000229116
1.7675e-08 0.000228725
1.76875e-08 0.000229465
1.77e-08 0.000231739
1.77125e-08 0.000235656
1.7725e-08 0.000240148
1.77375e-08 0.000243855
1.775e-08 0.000245415
1.77625e-08 0.000243994
1.7775e-08 0.000240857
1.77875e-08 0.000237795
1.78e-08 0.000236601
1.78125e-08 0.000238605
1.7825e-08 0.00024329
1.78375e-08 0.00024968
1.785e-08 0.000256799
1.78625e-08 0.000263705
1.7875e-08 0.000269607
1.78875e-08 0.00027375
1.79e-08 0.000275376
1.79125e-08 0.000274083
1.7925e-08 0.000270876
1.79375e-08 0.000267113
1.795e-08 0.00026415
1.79625e-08 0.000262966
1.7975e-08 0.000263012
1.79875e-08 0.00026336
1.8e-08 0.000263083
1.80125e-08 0.000261503
1.8025e-08 0.000258946
1.80375e-08 0.000255987
1.805e-08 0.000253202
1.80625e-08 0.00025106
1.8075e-08 0.000249601
1.80875e-08 0.000248756
1.81e-08 0.000248459
1.81125e-08 0.000248565
1.8125e-08 0.000248627
1.81375e-08 0.000248121
1.815e-08 0.000246522
1.81625e-08 0.00024351
1.8175e-08 0.00023957
1.81875e-08 0.00023539
1.82e-08 0.00023166
1.82125e-08 0.000228884
1.8225e-08 0.000226827
1.82375e-08 0.000225072
1.825e-08 0.000223202
1.82625e-08 0.000220975
1.8275e-08 0.000218857
1.82875e-08 0.000217488
1.83e-08 0.00021751
1.83125e-08 0.000219334
1.8325e-08 0.00022245
1.83375e-08 0.00022612
1.835e-08 0.000229605
1.83625e-08 0.000232316
1.8375e-08 0.00023426
1.83875e-08 0.000235596
1.84e-08 0.000236483
1.84125e-08 0.000237071
1.8425e-08 0.000237493
1.84375e-08 0.000237874
1.845e-08 0.00023834
1.84625e-08 0.000239004
1.8475e-08 0.000239926
1.84875e-08 0.000241151
1.85e-08 0.000242728
1.85125e-08 0.00024468
1.8525e-08 0.000246951
1.85375e-08 0.000249462
1.855e-08 0.000252135
1.85625e-08 0.000254843
1.8575e-08 0.000257273
1.85875e-08 0.00025906
1.86e-08 0.000259842
1.86125e-08 0.000259448
1.8625e-08 0.000258467
1.86375e-08 0.000257679
1.865e-08 0.000257866
1.86625e-08 0.000259588
1.8675e-08 0.000262528
1.86875e-08 0.000266151
1.87e-08 0.000269921
1.87125e-08 0.000273324
1.8725e-08 0.00027593
1.87375e-08 0.00027733
1.875e-08 0.000277115
1.87625e-08 0.000275109
1.8775e-08 0.000272065
1.87875e-08 0.000268967
1.88e-08 0.000266799
1.88125e-08 0.000266309
1.8825e-08 0.000267304
1.88375e-08 0.00026935
1.885e-08 0.000272016
1.88625e-08 0.000274831
1.8875e-08 0.000277161
1.88875e-08 0.000278332
1.89e-08 0.000277668
1.89125e-08 0.000274804
1.8925e-08 0.000270605
1.89375e-08 0.000266241
1.895e-08 0.000262886
1.89625e-08 0.000261378
1.8975e-08 0.000261228
1.89875e-08 0.000261609
1.9e-08 0.0002617
1.90125e-08 0.000260836
1.9025e-08 0.000258998
1.90375e-08 0.000256327
1.905e-08 0.000252965
1.90625e-08 0.00024907
1.9075e-08 0.000244872
1.90875e-08 0.00024062
1.91e-08 0.000236562
1.91125e-08 0.000232889
1.9125e-08 0.000229578
1.91375e-08 0.000226547
1.915e-08 0.000223716
1.91625e-08 0.000221032
1.9175e-08 0.000218552
1.91875e-08 0.000216362
1.92e-08 0.000214546
1.92125e-08 0.000213125
1.9225e-08 0.000211863
1.92375e-08 0.00021046
1.925e-08 0.000208617
1.92625e-08 0.000206164
1.9275e-08 0.000203451
1.92875e-08 0.00020096
1.93e-08 0.00019917
1.93125e-08 0.000198427
1.9325e-08 0.000198524
1.93375e-08 0.000199123
1.935e-08 0.000199882
1.93625e-08 0.000200448
1.9375e-08 0.000200427
1.93875e-08 0.000199412
1.94e-08 0.000196996
1.94125e-08 0.00019302
1.9425e-08 0.000188311
1.94375e-08 0.000183942
1.945e-08 0.000180988
1.94625e-08 0.000180246
1.9475e-08 0.000181396
1.94875e-08 0.000183845
1.95e-08 0.000186996
1.95125e-08 0.000190296
1.9525e-08 0.000193355
1.95375e-08 0.000195823
1.955e-08 0.000197352
1.95625e-08 0.000197758
1.9575e-08 0.000197514
1.95875e-08 0.000197259
1.96e-08 0.000197629
1.96125e-08 0.00019911
1.9625e-08 0.000201575
1.96375e-08 0.000204745
1.965e-08 0.00020834
1.96625e-08 0.000212044
1.9675e-08 0.000215392
1.96875e-08 0.000217882
1.97e-08 0.000219012
1.97125e-08 0.000218462
1.9725e-08 0.000216636
1.97375e-08 0.000214121
1.975e-08 0.000211502
1.97625e-08 0.000209255
1.9775e-08 0.000207405
1.97875e-08 0.000205864
1.98e-08 0.000204546
1.98125e-08 0.000203433
1.9825e-08 0.000202785
1.98375e-08 0.000202928
1.985e-08 0.00020419
1.98625e-08 0.000206745
1.9875e-08 0.000210145
1.98875e-08 0.000213789
1.99e-08 0.000217075
1.99125e-08 0.000219554
1.9925e-08 0.000221381
1.99375e-08 0.000222863
1.995e-08 0.000224309
1.99625e-08 0.000225894
1.9975e-08 0.000227278
1.99875e-08 0.000227987
2e-08 0.00022755
2.00125e-08 0.000225653
2.0025e-08 0.000222623
2.00375e-08 0.000218943
2.005e-08 0.000215099
2.00625e-08 0.000211485
2.0075e-08 0.000208132
2.00875e-08 0.000204983
2.01e-08 0.000201977
2.01125e-08 0.000199087
2.0125e-08 0.000196411
2.01375e-08 0.000194077
2.015e-08 0.000192214
2.01625e-08 0.000190927
2.0175e-08 0.000190233
2.01875e-08 0.000190124
2.02e-08 0.000190593
2.02125e-08 0.000191563
2.0225e-08 0.000192682
2.02375e-08 0.000193527
2.025e-08 0.000193676
2.02625e-08 0.000192885
2.0275e-08 0.000191615
2.02875e-08 0.000190506
2.03e-08 0.000190198
2.03125e-08 0.000191172
2.0325e-08 0.000193278
2.03375e-08 0.000196205
2.035e-08 0.000199645
2.03625e-08 0.000203202
2.0375e-08 0.000206141
2.03875e-08 0.00020764
2.04e-08 0.000206878
2.04125e-08 0.00020343
2.0425e-08 0.000198461
2.04375e-08 0.00019353
2.045e-08 0.000190198
2.04625e-08 0.000189671
2.0475e-08 0.000191737
2.04875e-08 0.00019583
2.05e-08 0.000201384
2.05125e-08 0.000207744
2.0525e-08 0.000213906
2.05375e-08 0.000218777
2.055e-08 0.000221265
2.05625e-08 0.000220736
2.0575e-08 0.000218389
2.05875e-08 0.000215878
2.06e-08 0.000214862
2.06125e-08 0.000216473
2.0625e-08 0.000219755
2.06375e-08 0.000223229
2.065e-08 0.000225415
2.06625e-08 0.00022521
2.0675e-08 0.000223012
2.06875e-08 0.000219594
2.07e-08 0.000215731
2.07125e-08 0.000212108
2.0725e-08 0.000209054
2.07375e-08 0.000206809
2.075e-08 0.000205613
2.07625e-08 0.000205578
2.0775e-08 0.000206298
2.07875e-08 0.000207239
2.08e-08 0.000207866
2.08125e-08 0.00020783
2.0825e-08 0.000207529
2.08375e-08 0.000207544
2.085e-08 0.000208459
2.08625e-08 0.000210585
2.0875e-08 0.000213149
2.08875e-08 0.000215107
2.09e-08 0.000215415
2.09125e-08 0.000213481
2.0925e-08 0.000210511
2.09375e-08 0.000208166
2.095e-08 0.000208103
2.09625e-08 0.000211438
2.0975e-08 0.000217107
2.09875e-08 0.000223501
2.1e-08 0.000229012
2.10125e-08 0.000232349
2.1025e-08 0.00023348
2.10375e-08 0.000232694
2.105e-08 0.000230277
2.10625e-08 0.000226662
2.1075e-08 0.000222872
2.10875e-08 0.000220077
2.11e-08 0.000219447
2.11125e-08 0.000221671
2.1125e-08 0.000225509
2.11375e-08 0.000229241
2.115e-08 0.000231147
2.11625e-08 0.000230042
2.1175e-08 0.000226889
2.11875e-08 0.000223187
2.12e-08 0.000220435
2.12125e-08 0.000219756
2.1225e-08 0.000220763
2.12375e-08 0.000222693
2.125e-08 0.000224783
2.12625e-08 0.000226401
2.1275e-08 0.000227439
2.12875e-08 0.00022792
2.13e-08 0.000227866
2.13125e-08 0.000227344
2.1325e-08 0.000226593
2.13375e-08 0.000225895
2.135e-08 0.000225534
2.13625e-08 0.000225651
2.1375e-08 0.00022583
2.13875e-08 0.000225516
2.14e-08 0.00022415
2.14125e-08 0.000221428
2.1425e-08 0.000218037
2.14375e-08 0.000214916
2.145e-08 0.000213004
2.14625e-08 0.000212982
2.1475e-08 0.000214495
2.14875e-08 0.000216933
2.15e-08 0.000219684
2.15125e-08 0.000222272
2.1525e-08 0.00022476
2.15375e-08 0.000227349
2.155e-08 0.000230237
2.15625e-08 0.000233434
2.1575e-08 0.000236179
2.15875e-08 0.000237525
2.16e-08 0.000236522
2.16125e-08 0.000232625
2.1625e-08 0.000226907
2.16375e-08 0.000220849
2.165e-08 0.000215929
2.16625e-08 0.000213313
2.1675e-08 0.000212912
2.16875e-08 0.000214326
2.17e-08 0.000217154
2.17125e-08 0.000220847
2.1725e-08 0.000224263
2.17375e-08 0.00022611
2.175e-08 0.000225099
2.17625e-08 0.000220573
2.1775e-08 0.000214407
2.17875e-08 0.000209111
2.18e-08 0.000207194
2.18125e-08 0.000210392
2.1825e-08 0.000217345
2.18375e-08 0.000225923
2.185e-08 0.000233992
2.18625e-08 0.000239808
2.1875e-08 0.00024317
2.18875e-08 0.000244265
2.19e-08 0.000243281
2.19125e-08 0.000240563
2.1925e-08 0.000237091
2.19375e-08 0.000234007
2.195e-08 0.000232451
2.19625e-08 0.000233223
2.1975e-08 0.000235769
2.19875e-08 0.000239195
2.2e-08 0.000242609
2.20125e-08 0.000245263
2.2025e-08 0.000246999
2.20375e-08 0.000247804
2.205e-08 0.000247668
2.20625e-08 0.000246613
2.2075e-08 0.0002448
2.20875e-08 0.000242425
2.21e-08 0.000239684
2.21125e-08 0.000236782
2.2125e-08 0.000233965
2.21375e-08 0.000231487
2.215e-08 0.000229605
2.21625e-08 0.000228475
2.2175e-08 0.000227865
2.21875e-08 0.000227442
2.22e-08 0.000226878
2.22125e-08 0.000225938
2.2225e-08 0.000224781
2.22375e-08 0.000223665
2.225e-08 0.000222846
2.22625e-08 0.000222543
2.2275e-08 0.00022282
2.22875e-08 0.000223703
2.23e-08 0.000225218
2.23125e-08 0.000227337
2.2325e-08 0.000229824
2.23375e-08 0.00023239
2.235e-08 0.000234743
2.23625e-08 0.000236642
2.2375e-08 0.000238028
2.23875e-08 0.000238888
2.24e-08 0.00023921
2.24125e-08 0.000239007
2.2425e-08 0.000238393
2.24375e-08 0.000237505
2.245e-08 0.000236483
2.24625e-08 0.000235427
2.2475e-08 0.000234298
2.24875e-08 0.000233015
2.25e-08 0.000231502
2.25125e-08 0.000229744
2.2525e-08 0.00022798
2.25375e-08 0.000226515
2.255e-08 0.000225652
2.25625e-08 0.000225577
2.2575e-08 0.000225997
2.25875e-08 0.000226501
2.26e-08 0.00022668
2.26125e-08 0.00022616
2.2625e-08 0.000224715
2.26375e-08 0.000222158
2.265e-08 0.000218301
2.26625e-08 0.000213154
2.2675e-08 0.000207526
2.26875e-08 0.000202424
2.27e-08 0.000198854
2.27125e-08 0.000197568
2.2725e-08 0.000198294
2.27375e-08 0.000200505
2.275e-08 0.000203676
2.27625e-08 0.000207343
2.2775e-08 0.000211297
2.27875e-08 0.000215394
2.28e-08 0.000219486
2.28125e-08 0.000223404
2.2825e-08 0.000226865
2.28375e-08 0.000229562
2.285e-08 0.000231186
2.28625e-08 0.000231532
2.2875e-08 0.0002308
2.28875e-08 0.000229293
2.29e-08 0.000227313
2.29125e-08 0.000225166
2.2925e-08 0.000223177
2.29375e-08 0.000221675
2.295e-08 0.000220988
2.29625e-08 0.000221306
2.2975e-08 0.00022225
2.29875e-08 0.000223305
2.3e-08 0.000223953
2.30125e-08 0.000223829
2.3025e-08 0.000223179
2.30375e-08 0.000222402
2.305e-08 0.000221898
2.30625e-08 0.000222021
2.3075e-08 0.000222956
2.30875e-08 0.000224844
2.31e-08 0.000227826
2.31125e-08 0.000231913
2.3125e-08 0.000236587
2.31375e-08 0.000241198
2.315e-08 0.000245099
2.31625e-08 0.000247731
2.3175e-08 0.000248901
2.31875e-08 0.000248506
2.32e-08 0.000246443
2.32125e-08 0.000242804
2.3225e-08 0.000238462
2.32375e-08 0.000234484
2.325e-08 0.000231937
2.32625e-08 0.000231562
2.3275e-08 0.00023279
2.32875e-08 0.000234729
2.33e-08 0.000236482
2.33125e-08 0.000237317
2.3325e-08 0.000237137
2.33375e-08 0.000236007
2.335e-08 0.000233992
2.33625e-08 0.000231267
2.3375e-08 0.000228446
2.33875e-08 0.000226253
2.34e-08 0.000225415
2.34125e-08 0.000226394
2.3425e-08 0.000228603
2.34375e-08 0.000231195
2.345e-08 0.000233321
2.34625e-08 0.000234302
2.3475e-08 0.000234145
2.34875e-08 0.000233021
2.35e-08 0.000231107
2.35125e-08 0.000228627
2.3525e-08 0.000226007
2.35375e-08 0.000223723
2.355e-08 0.000222253
2.35625e-08 0.000221897
2.3575e-08 0.000222251
2.35875e-08 0.000222735
2.36e-08 0.000222767
2.36125e-08 0.000221937
2.3625e-08 0.000220504
2.36375e-08 0.000218899
2.365e-08 0.00021755
2.36625e-08 0.000216732
2.3675e-08 0.000216101
2.36875e-08 0.000215156
2.37e-08 0.0002134
2.37125e-08 0.000210505
2.3725e-08 0.000206845
2.37375e-08 0.000202964
2.375e-08 0.000199407
2.37625e-08 0.000196699
2.3775e-08 0.000195267
2.37875e-08 0.000195521
2.38e-08 0.000197866
2.38125e-08 0.000202361
2.3825e-08 0.00020767
2.38375e-08 0.000212109
2.385e-08 0.000213992
2.38625e-08 0.000212215
2.3875e-08 0.000207991
2.38875e-08 0.000203111
2.39e-08 0.000199368
2.39125e-08 0.000198178
2.3925e-08 0.000199454
2.39375e-08 0.000202733
2.395e-08 0.00020755
2.39625e-08 0.000213301
2.3975e-08 0.000218819
2.39875e-08 0.000222793
2.4e-08 0.000223913
2.40125e-08 0.00022134
2.4025e-08 0.000216107
2.40375e-08 0.000209718
2.405e-08 0.000203676
2.40625e-08 0.00019923
2.4075e-08 0.000196602
2.40875e-08 0.000195763
2.41e-08 0.00019668
2.41125e-08 0.00019922
2.4125e-08 0.000202841
2.41375e-08 0.000206899
2.415e-08 0.000210751
2.41625e-08 0.000213924
2.4175e-08 0.00021663
2.41875e-08 0.000219253
2.42e-08 0.000222174
2.42125e-08 0.000225621
2.4225e-08 0.000229187
2.42375e-08 0.00023231
2.425e-08 0.000234427
2.42625e-08 0.000235162
2.4275e-08 0.000234881
2.42875e-08 0.000234136
2.43e-08 0.000233479
2.43125e-08 0.000233352
2.4325e-08 0.000233757
2.43375e-08 0.000234586
2.435e-08 0.000235732
2.43625e-08 0.000236971
2.4375e-08 0.000237624
2.43875e-08 0.000236896
2.44e-08 0.000233992
2.44125e-08 0.000228512
2.4425e-08 0.000221633
2.44375e-08 0.000214925
2.445e-08 0.000209961
2.44625e-08 0.000207875
2.4475e-08 0.000208061
2.44875e-08 0.000209473
2.45e-08 0.000211067
2.45125e-08 0.000211987
2.4525e-08 0.000212115
2.45375e-08 0.000211522
2.455e-08 0.000210277
2.45625e-08 0.000208572
2.4575e-08 0.000207088
2.45875e-08 0.000206624
2.46e-08 0.000207985
2.46125e-08 0.000211572
2.4625e-08 0.000216201
2.46375e-08 0.000220289
2.465e-08 0.000222253
2.46625e-08 0.000221017
2.4675e-08 0.000217531
2.46875e-08 0.000213254
2.47e-08 0.000209645
2.47125e-08 0.000207817
2.4725e-08 0.000207516
2.47375e-08 0.000208141
2.475e-08 0.000209091
2.47625e-08 0.000209861
2.4775e-08 0.000210312
2.47875e-08 0.0002104
2.48e-08 0.000210079
2.48125e-08 0.00020938
2.4825e-08 0.00020862
2.48375e-08 0.000208196
2.485e-08 0.000208498
2.48625e-08 0.000209748
2.4875e-08 0.000211468
2.48875e-08 0.000213008
2.49e-08 0.000213716
2.49125e-08 0.000213175
2.4925e-08 0.000211902
2.49375e-08 0.000210646
2.495e-08 0.000210158
2.49625e-08 0.000210938
2.4975e-08 0.000212484
2.49875e-08 0.000214042
2.5e-08 0.000214862
2.50125e-08 0.000214396
2.5025e-08 0.000212923
2.50375e-08 0.000210928
2.505e-08 0.000208894
2.50625e-08 0.000207234
2.5075e-08 0.000206081
2.50875e-08 0.000205494
2.51e-08 0.000205534
2.51125e-08 0.000206169
2.5125e-08 0.000207002
2.51375e-08 0.000207546
2.515e-08 0.000207313
2.51625e-08 0.00020605
2.5175e-08 0.000204458
2.51875e-08 0.000203473
2.52e-08 0.000204032
2.52125e-08 0.000206743
2.5225e-08 0.000210904
2.52375e-08 0.000215482
2.525e-08 0.000219447
2.52625e-08 0.000221956
2.5275e-08 0.000222927
2.52875e-08 0.000222463
2.53e-08 0.000220672
2.53125e-08 0.000217785
2.5325e-08 0.000214541
2.53375e-08 0.000211803
2.535e-08 0.000210435
2.53625e-08 0.000210957
2.5375e-08 0.000212504
2.53875e-08 0.000213866
2.54e-08 0.000213834
2.54125e-08 0.000211574
2.5425e-08 0.000207757
2.54375e-08 0.000203432
2.545e-08 0.000199645
2.54625e-08 0.000197221
2.5475e-08 0.000196093
2.54875e-08 0.00019597
2.55e-08 0.000196562
2.55125e-08 0.000197543
2.5525e-08 0.000198455
2.55375e-08 0.000198806
2.555e-08 0.000198103
2.55625e-08 0.000196055
2.5575e-08 0.000193168
2.55875e-08 0.00019015
2.56e-08 0.000187708
2.56125e-08 0.000186367
2.5625e-08 0.000185926
2.56375e-08 0.000186001
2.565e-08 0.000186206
2.56625e-08 0.000186287
2.5675e-08 0.000186503
2.56875e-08 0.000187242
2.57e-08 0.000188894
2.57125e-08 0.000191631
2.5725e-08 0.000194774
2.57375e-08 0.000197427
2.575e-08 0.000198696
2.57625e-08 0.000197947
2.5775e-08 0.000195593
2.57875e-08 0.000192311
2.58e-08 0.000188775
2.58125e-08 0.000185649
2.5825e-08 0.000183543
2.58375e-08 0.000183055
2.585e-08 0.000184783
2.58625e-08 0.000188999
2.5875e-08 0.00019467
2.58875e-08 0.000200437
2.59e-08 0.000204941
2.59125e-08 0.000207195
2.5925e-08 0.000207699
2.59375e-08 0.000207329
2.595e-08 0.000206957
2.59625e-08 0.000207264
2.5975e-08 0.000208161
2.59875e-08 0.000209365
2.6e-08 0.000210593
2.60125e-08 0.000211625
2.6025e-08 0.000212488
2.60375e-08 0.000213273
2.605e-08 0.000214071
2.60625e-08 0.000215022
2.6075e-08 0.000216464
2.60875e-08 0.000218785
2.61e-08 0.000222372
2.61125e-08 0.000227339
2.6125e-08 0.000232705
2.61375e-08 0.000237212
2.615e-08 0.000239605
2.61625e-08 0.000238999
2.6175e-08 0.000235995
2.61875e-08 0.000231565
2.62e-08 0.00022668
2.62125e-08 0.000222224
2.6225e-08 0.000218722
2.62375e-08 0.00021661
2.625e-08 0.000216324
2.62625e-08 0.000218074
2.6275e-08 0.000221151
2.62875e-08 0.000224621
2.63e-08 0.00022755
2.63125e-08 0.000229284
2.6325e-08 0.000230304
2.63375e-08 0.000231369
2.635e-08 0.000233241
2.63625e-08 0.000236402
2.6375e-08 0.000240211
2.63875e-08 0.000243746
2.64e-08 0.000246087
2.64125e-08 0.000246511
2.6425e-08 0.000245089
2.64375e-08 0.000242091
2.645e-08 0.000237787
2.64625e-08 0.000232485
2.6475e-08 0.000226652
2.64875e-08 0.000220794
2.65e-08 0.000215415
2.65125e-08 0.00021096
2.6525e-08 0.000207623
2.65375e-08 0.000205533
2.655e-08 0.000204822
2.65625e-08 0.000205582
2.6575e-08 0.000207741
2.65875e-08 0.000211188
2.66e-08 0.000215811
2.66125e-08 0.000221389
2.6625e-08 0.000227265
2.66375e-08 0.000232671
2.665e-08 0.000236838
2.66625e-08 0.000239215
2.6675e-08 0.000240108
2.66875e-08 0.000240037
2.67e-08 0.000239526
2.67125e-08 0.000239
2.6725e-08 0.000238507
2.67375e-08 0.000238
2.675e-08 0.000237431
2.67625e-08 0.000236767
2.6775e-08 0.000236024
2.67875e-08 0.000235234
2.68e-08 0.000234427
2.68125e-08 0.000233658
2.6825e-08 0.000233075
2.68375e-08 0.000232852
2.685e-08 0.000233162
2.68625e-08 0.000234084
2.6875e-08 0.000235319
2.68875e-08 0.000236474
2.69e-08 0.000237154
2.69125e-08 0.000237023
2.6925e-08 0.000235961
2.69375e-08 0.000233904
2.695e-08 0.000230791
2.69625e-08 0.000226717
2.6975e-08 0.000222426
2.69875e-08 0.000218819
2.7e-08 0.000216799
2.70125e-08 0.000217002
2.7025e-08 0.000218997
2.70375e-08 0.000222087
2.705e-08 0.000225573
2.70625e-08 0.000228841
2.7075e-08 0.000231599
2.70875e-08 0.000233636
2.71e-08 0.000234743
2.71125e-08 0.000234781
2.7125e-08 0.000233889
2.71375e-08 0.000232278
2.715e-08 0.000230158
2.71625e-08 0.000227734
2.7175e-08 0.000225188
2.71875e-08 0.000222696
2.72e-08 0.000220435
2.72125e-08 0.000218553
2.7225e-08 0.00021708
2.72375e-08 0.000216021
2.725e-08 0.000215376
2.72625e-08 0.000215147
2.7275e-08 0.000215326
2.72875e-08 0.000215906
2.73e-08 0.000216878
2.73125e-08 0.000218221
2.7325e-08 0.000219868
2.73375e-08 0.000221739
2.735e-08 0.000223755
2.73625e-08 0.000225804
2.7375e-08 0.000227641
2.73875e-08 0.000228987
2.74e-08 0.000229566
2.74125e-08 0.000229137
2.7425e-08 0.000227619
2.74375e-08 0.00022497
2.745e-08 0.000221147
2.74625e-08 0.000216236
2.7475e-08 0.000210839
2.74875e-08 0.000205684
2.75e-08 0.000201502
2.75125e-08 0.000198849
2.7525e-08 0.000197586
2.75375e-08 0.000197402
2.755e-08 0.000197985
2.75625e-08 0.000198994
2.7575e-08 0.000199976
2.75875e-08 0.000200446
2.76e-08 0.000199921
2.76125e-08 0.000198097
2.7625e-08 0.000195387
2.76375e-08 0.000192385
2.765e-08 0.000189684
2.76625e-08 0.000187781
2.7675e-08 0.000186787
2.76875e-08 0.000186718
2.77e-08 0.000187589
2.77125e-08 0.000189298
2.7725e-08 0.00019127
2.77375e-08 0.000192815
2.775e-08 0.000193241
2.77625e-08 0.00019207
2.7775e-08 0.000189667
2.77875e-08 0.000186611
2.78e-08 0.000183479
2.78125e-08 0.000180766
2.7825e-08 0.000178635
2.78375e-08 0.000177168
2.785e-08 0.000176443
2.78625e-08 0.000176543
2.7875e-08 0.000177557
2.78875e-08 0.000179575
2.79e-08 0.000182688
2.79125e-08 0.000186877
2.7925e-08 0.000191683
2.79375e-08 0.000196537
2.795e-08 0.00020087
2.79625e-08 0.000204222
2.7975e-08 0.000206569
2.79875e-08 0.000207992
2.8e-08 0.000208577
2.80125e-08 0.000208466
2.8025e-08 0.000208038
2.80375e-08 0.000207731
2.805e-08 0.000207984
2.80625e-08 0.000209071
2.8075e-08 0.000210605
2.80875e-08 0.000212034
2.81e-08 0.000212807
2.81125e-08 0.00021255
2.8125e-08 0.000211609
2.81375e-08 0.000210506
2.815e-08 0.000209763
2.81625e-08 0.000209812
2.8175e-08 0.000210717
2.81875e-08 0.000212449
2.82e-08 0.000214981
2.82125e-08 0.000218192
2.8225e-08 0.000221593
2.82375e-08 0.000224603
2.825e-08 0.000226641
2.82625e-08 0.0002273
2.8275e-08 0.00022688
2.82875e-08 0.000225856
2.83e-08 0.000224704
2.83125e-08 0.000223803
2.8325e-08 0.000223157
2.83375e-08 0.000222671
2.835e-08 0.000222253
2.83625e-08 0.000221814
2.8375e-08 0.000221276
2.83875e-08 0.000220564
2.84e-08 0.000219605
2.84125e-08 0.000218376
2.8425e-08 0.000217059
2.84375e-08 0.000215889
2.845e-08 0.000215099
2.84625e-08 0.000214831
2.8475e-08 0.000214852
2.84875e-08 0.000214839
2.85e-08 0.000214467
2.85125e-08 0.000213518
2.8525e-08 0.000212201
2.85375e-08 0.000210831
2.855e-08 0.000209724
2.85625e-08 0.000209116
2.8575e-08 0.000208935
2.85875e-08 0.00020903
2.86e-08 0.000209249
2.86125e-08 0.000209502
2.8625e-08 0.000209932
2.86375e-08 0.000210742
2.865e-08 0.000212135
2.86625e-08 0.000214176
2.8675e-08 0.000216384
2.86875e-08 0.000218137
2.87e-08 0.000218815
2.87125e-08 0.000217968
2.8725e-08 0.000215825
2.87375e-08 0.000212786
2.875e-08 0.000209249
2.87625e-08 0.000205697
2.8775e-08 0.000202933
2.87875e-08 0.000201845
2.88e-08 0.00020332
2.88125e-08 0.000207791
2.8825e-08 0.000213869
2.88375e-08 0.000219712
2.885e-08 0.000223479
2.88625e-08 0.000223826
2.8875e-08 0.000221411
2.88875e-08 0.000217392
2.89e-08 0.000212925
2.89125e-08 0.00020905
2.8925e-08 0.000206337
2.89375e-08 0.000205238
2.895e-08 0.000206206
2.89625e-08 0.000209381
2.8975e-08 0.000213657
2.89875e-08 0.000217617
2.9e-08 0.000219842
2.90125e-08 0.000219334
2.9025e-08 0.000216769
2.90375e-08 0.00021324
2.905e-08 0.000209842
2.90625e-08 0.000207425
2.9075e-08 0.000205859
2.90875e-08 0.000204773
2.91e-08 0.000203795
2.91125e-08 0.000202716
2.9125e-08 0.00020199
2.91375e-08 0.000202235
2.915e-08 0.000204071
2.91625e-08 0.000207785
2.9175e-08 0.00021234
2.91875e-08 0.000216367
2.92e-08 0.000218498
2.92125e-08 0.000217781
2.9225e-08 0.000214927
2.92375e-08 0.000211062
2.925e-08 0.000207313
2.92625e-08 0.000204729
2.9275e-08 0.000204051
2.92875e-08 0.000205943
2.93e-08 0.000211067
2.93125e-08 0.000219542
2.9325e-08 0.000229304
2.93375e-08 0.000237744
2.935e-08 0.000242253
2.93625e-08 0.000241095
2.9375e-08 0.000236018
2.93875e-08 0.000229641
2.94e-08 0.000224585
2.94125e-08 0.000222824
2.9425e-08 0.000223747
2.94375e-08 0.000226097
2.945e-08 0.000228617
2.94625e-08 0.00023023
2.9475e-08 0.000230578
2.94875e-08 0.000229481
2.95e-08 0.000226759
2.95125e-08 0.000222532
2.9525e-08 0.000218112
2.95375e-08 0.00021511
2.955e-08 0.000215139
2.95625e-08 0.000219163
2.9575e-08 0.000225568
2.95875e-08 0.000232095
2.96e-08 0.000236482
2.96125e-08 0.000237025
2.9625e-08 0.000234227
2.96375e-08 0.000229148
2.965e-08 0.000222846
2.96625e-08 0.000216286
2.9675e-08 0.00021005
2.96875e-08 0.00020463
2.97e-08 0.000200514
2.97125e-08 0.000198023
2.9725e-08 0.000196799
2.97375e-08 0.000196316
2.975e-08 0.000196048
2.97625e-08 0.000195636
2.9775e-08 0.000195394
2.97875e-08 0.000195805
2.98e-08 0.000197352
2.98125e-08 0.000200357
2.9825e-08 0.000204502
2.98375e-08 0.000209311
2.985e-08 0.000214309
2.98625e-08 0.000219034
2.9875e-08 0.000223097
2.98875e-08 0.000226126
2.99e-08 0.000227747
2.99125e-08 0.000227723
2.9925e-08 0.000226352
2.99375e-08 0.000224068
2.995e-08 0.000221305
2.99625e-08 0.000218435
2.9975e-08 0.000215596
2.99875e-08 0.000212865
3e-08 0.000210317
3.00125e-08 0.000208024
3.0025e-08 0.000206037
3.00375e-08 0.000204401
3.005e-08 0.000203162
3.00625e-08 0.000202391
3.0075e-08 0.000202255
3.00875e-08 0.000202948
3.01e-08 0.000204664
3.01125e-08 0.000207507
3.0125e-08 0.000211221
3.01375e-08 0.000215461
3.015e-08 0.000219882
3.01625e-08 0.000224158
3.0175e-08 0.000228046
3.01875e-08 0.00023132
3.02e-08 0.000233755
3.02125e-08 0.000235169
3.0225e-08 0.000235544
3.02375e-08 0.000234906
3.025e-08 0.000233281
3.02625e-08 0.000230806
3.0275e-08 0.00022807
3.02875e-08 0.000225776
3.03e-08 0.000224625
3.03125e-08 0.000225053
3.0325e-08 0.000226432
3.03375e-08 0.000227865
3.035e-08 0.000228459
3.03625e-08 0.00022763
3.0375e-08 0.000226052
3.03875e-08 0.000224708
3.04e-08 0.000224585
3.04125e-08 0.000226307
3.0425e-08 0.000229053
3.04375e-08 0.000231639
3.045e-08 0.000232886
3.04625e-08 0.00023196
3.0475e-08 0.00022944
3.04875e-08 0.000226251
3.05e-08 0.00022332
3.05125e-08 0.000221453
3.0525e-08 0.000220953
3.05375e-08 0.000222002
3.055e-08 0.000224783
3.05625e-08 0.00022932
3.0575e-08 0.000235017
3.05875e-08 0.000241121
3.06e-08 0.000246878
3.06125e-08 0.000251626
3.0625e-08 0.000255066
3.06375e-08 0.000256992
3.065e-08 0.000257194
3.06625e-08 0.000255553
3.0675e-08 0.000252303
3.06875e-08 0.000247762
3.07e-08 0.000242253
3.07125e-08 0.000236157
3.0725e-08 0.000230098
3.07375e-08 0.00022476
3.075e-08 0.00022083
3.07625e-08 0.00021878
3.0775e-08 0.000218233
3.07875e-08 0.000218599
3.08e-08 0.000219289
3.08125e-08 0.000219788
3.0825e-08 0.000219878
3.08375e-08 0.000219417
3.085e-08 0.000218261
3.08625e-08 0.000216423
3.0875e-08 0.000214535
3.08875e-08 0.000213384
3.09e-08 0.000213755
3.09125e-08 0.000216134
3.0925e-08 0.000219789
3.09375e-08 0.000223689
3.095e-08 0.000226799
3.09625e-08 0.000228313
3.0975e-08 0.000228326
3.09875e-08 0.000227161
3.1e-08 0.000225139
3.10125e-08 0.000222567
3.1025e-08 0.000219696
3.10375e-08 0.00021676
3.105e-08 0.000213992
3.10625e-08 0.000211644
3.1075e-08 0.000210021
3.10875e-08 0.000209445
3.11e-08 0.000210237
3.11125e-08 0.000212547
3.1125e-08 0.000215834
3.11375e-08 0.000219386
3.115e-08 0.00022249
3.11625e-08 0.000224626
3.1175e-08 0.000226041
3.11875e-08 0.000227172
3.12e-08 0.000228459
3.12125e-08 0.000230206
3.1225e-08 0.000232179
3.12375e-08 0.000234012
3.125e-08 0.000235336
3.12625e-08 0.00023587
3.1275e-08 0.000235666
3.12875e-08 0.000234862
3.13e-08 0.000233597
3.13125e-08 0.000232068
3.1325e-08 0.000230704
3.13375e-08 0.000229997
3.135e-08 0.000230435
3.13625e-08 0.00023231
3.1375e-08 0.000235116
3.13875e-08 0.000238151
3.14e-08 0.000240712
3.14125e-08 0.000242266
3.1425e-08 0.000242964
3.14375e-08 0.000243129
3.145e-08 0.000243083
3.14625e-08 0.000243081
3.1475e-08 0.000243113
3.14875e-08 0.0002431
3.15e-08 0.000242965
3.15125e-08 0.000242618
3.1525e-08 0.000241918
3.15375e-08 0.000240715
3.155e-08 0.000238854
3.15625e-08 0.000236329
3.1575e-08 0.000233707
3.15875e-08 0.000231702
3.16e-08 0.000231028
3.16125e-08 0.000232166
3.1625e-08 0.000234678
3.16375e-08 0.000237895
3.165e-08 0.000241147
3.16625e-08 0.00024388
3.1675e-08 0.000246005
3.16875e-08 0.000247549
3.17e-08 0.000248538
3.17125e-08 0.000249067
3.1725e-08 0.000249505
3.17375e-08 0.00025029
3.175e-08 0.000251858
3.17625e-08 0.000254388
3.1775e-08 0.000257019
3.17875e-08 0.000258631
3.18e-08 0.000258103
3.18125e-08 0.000254735
3.1825e-08 0.000249509
3.18375e-08 0.000243827
3.185e-08 0.000239091
3.18625e-08 0.000236421
3.1875e-08 0.000235806
3.18875e-08 0.000236952
3.19e-08 0.000239566
3.19125e-08 0.00024331
3.1925e-08 0.000247675
3.19375e-08 0.000252105
3.195e-08 0.000256048
3.19625e-08 0.000259076
3.1975e-08 0.000261279
3.19875e-08 0.000262872
3.2e-08 0.000264071
3.20125e-08 0.000264948
3.2025e-08 0.000264988
3.20375e-08 0.000263533
3.205e-08 0.000259921
3.20625e-08 0.000253842
3.2075e-08 0.000246373
3.20875e-08 0.000238939
3.21e-08 0.000232965
3.21125e-08 0.000229543
3.2125e-08 0.000228435
3.21375e-08 0.000229068
3.215e-08 0.00023087
3.21625e-08 0.000233223
3.2175e-08 0.000235324
3.21875e-08 0.000236325
3.22e-08 0.000235376
3.22125e-08 0.000232012
3.2225e-08 0.000227297
3.22375e-08 0.000222679
3.225e-08 0.000219605
3.22625e-08 0.000219127
3.2275e-08 0.000220713
3.22875e-08 0.000223435
3.23e-08 0.000226364
3.23125e-08 0.000228664
3.2325e-08 0.000229866
3.23375e-08 0.000229594
3.235e-08 0.000227471
3.23625e-08 0.000223401
3.2375e-08 0.00021842
3.23875e-08 0.000213843
3.24e-08 0.000210988
3.24125e-08 0.000210809
3.2425e-08 0.00021281
3.24375e-08 0.000216133
3.245e-08 0.000219921
3.24625e-08 0.000223377
3.2475e-08 0.00022595
3.24875e-08 0.000227148
3.25e-08 0.000226483
3.25125e-08 0.00022373
3.2525e-08 0.000219742
3.25375e-08 0.000215636
3.255e-08 0.00021253
3.25625e-08 0.000211256
3.2575e-08 0.000211498
3.25875e-08 0.000212651
3.26e-08 0.000214111
3.26125e-08 0.000215315
3.2625e-08 0.00021586
3.26375e-08 0.000215382
3.265e-08 0.000213518
3.26625e-08 0.000210134
3.2675e-08 0.000206012
3.26875e-08 0.000202165
3.27e-08 0.000199605
3.27125e-08 0.000199119
3.2725e-08 0.000200589
3.27375e-08 0.000203672
3.275e-08 0.000208024
3.27625e-08 0.000213266
3.2775e-08 0.000218873
3.27875e-08 0.000224282
3.28e-08 0.000228933
3.28125e-08 0.00023243
3.2825e-08 0.000235043
3.28375e-08 0.00023721
3.285e-08 0.000239368
3.28625e-08 0.000241935
3.2875e-08 0.00024525
3.28875e-08 0.000249637
3.29e-08 0.000255415
3.29125e-08 0.000262894
3.2925e-08 0.000272327
3.29375e-08 0.000283956
3.295e-08 0.000298024
3.29625e-08 0.000314557
3.2975e-08 0.000332727
3.29875e-08 0.00035149
3.3e-08 0.000369803
3.30125e-08 0.000386837
3.3025e-08 0.000402618
3.30375e-08 0.000417387
3.305e-08 0.000431384
3.30625e-08 0.00044359
3.3075e-08 0.000447946
3.30875e-08 0.000437133
3.31e-08 0.000403834
3.31125e-08 0.000339189
3.3125e-08 0.000228175
3.31375e-08 5.42303e-05
3.315e-08 -0.000199209
3.31625e-08 -0.00054743
3.3175e-08 -0.00100062
3.31875e-08 -0.00156767
3.32e-08 -0.00225751
3.32125e-08 -0.00307499
3.3225e-08 -0.00400883
3.32375e-08 -0.00504369
3.325e-08 -0.00616423
3.32625e-08 -0.00735369
3.3275e-08 -0.00858951
3.32875e-08 -0.00984773
3.33e-08 -0.0111043
3.33125e-08 -0.0123368
3.3325e-08 -0.013528
3.33375e-08 -0.0146625
3.335e-08 -0.0157246
3.33625e-08 -0.0166997
3.3375e-08 -0.0175772
3.33875e-08 -0.0183476
3.34e-08 -0.0190012
3.34125e-08 -0.0195308
3.3425e-08 -0.019938
3.34375e-08 -0.0202264
3.345e-08 -0.0203998
3.34625e-08 -0.0204647
3.3475e-08 -0.0204375
3.34875e-08 -0.0203372
3.35e-08 -0.0201829
3.35125e-08 -0.0199945
3.3525e-08 -0.0197948
3.35375e-08 -0.0196077
3.355e-08 -0.019457
3.35625e-08 -0.0193633
3.3575e-08 -0.0193351
3.35875e-08 -0.0193779
3.36e-08 -0.0194971
3.36125e-08 -0.0196938
3.3625e-08 -0.0199522
3.36375e-08 -0.0202521
3.365e-08 -0.0205733
3.36625e-08 -0.0208958
3.3675e-08 -0.0212004
3.36875e-08 -0.021468
3.37e-08 -0.0216796
3.37125e-08 -0.0218196
3.3725e-08 -0.0218862
3.37375e-08 -0.0218811
3.375e-08 -0.021806
3.37625e-08 -0.0216642
3.3775e-08 -0.0214663
3.37875e-08 -0.0212247
3.38e-08 -0.0209515
3.38125e-08 -0.0206591
3.3825e-08 -0.0203591
3.38375e-08 -0.0200633
3.385e-08 -0.0197834
3.38625e-08 -0.0195304
3.3875e-08 -0.0193119
3.38875e-08 -0.0191351
3.39e-08 -0.0190068
3.39125e-08 -0.0189321
3.3925e-08 -0.0189081
3.39375e-08 -0.01893
3.395e-08 -0.018993
3.39625e-08 -0.0190906
3.3975e-08 -0.0192107
3.39875e-08 -0.0193396
3.4e-08 -0.0194637
3.40125e-08 -0.0195693
3.4025e-08 -0.0196435
3.40375e-08 -0.0196731
3.405e-08 -0.0196451
3.40625e-08 -0.0195489
3.4075e-08 -0.0193833
3.40875e-08 -0.0191495
3.41e-08 -0.0188488
3.41125e-08 -0.0184847
3.4125e-08 -0.0180708
3.41375e-08 -0.0176232
3.415e-08 -0.0171579
3.41625e-08 -0.0166904
3.4175e-08 -0.0162334
3.41875e-08 -0.0157992
3.42e-08 -0.0154
3.42125e-08 -0.0150465
3.4225e-08 -0.0147443
3.42375e-08 -0.0144973
3.425e-08 -0.0143095
3.42625e-08 -0.0141826
3.4275e-08 -0.0141091
3.42875e-08 -0.0140794
3.43e-08 -0.0140838
3.43125e-08 -0.0141118
3.4325e-08 -0.0141513
3.43375e-08 -0.0141894
3.435e-08 -0.0142133
3.43625e-08 -0.014212
3.4375e-08 -0.0141812
3.43875e-08 -0.0141186
3.44e-08 -0.0140217
3.44125e-08 -0.0138898
3.4425e-08 -0.0137276
3.44375e-08 -0.0135416
3.445e-08 -0.0133381
3.44625e-08 -0.0131244
3.4475e-08 -0.0129105
3.44875e-08 -0.0127073
3.45e-08 -0.0125258
3.45125e-08 -0.0123754
3.4525e-08 -0.0122597
3.45375e-08 -0.0121807
3.455e-08 -0.0121407
3.45625e-08 -0.0121402
3.4575e-08 -0.0121734
3.45875e-08 -0.0122332
3.46e-08 -0.0123124
3.46125e-08 -0.012404
3.4625e-08 -0.0125023
3.46375e-08 -0.0126019
3.465e-08 -0.0126976
3.46625e-08 -0.0127839
3.4675e-08 -0.0128556
3.46875e-08 -0.0129077
3.47e-08 -0.0129349
3.47125e-08 -0.0129326
3.4725e-08 -0.0128983
3.47375e-08 -0.0128299
3.475e-08 -0.0127253
3.47625e-08 -0.012584
3.4775e-08 -0.0124111
3.47875e-08 -0.0122131
3.48e-08 -0.0119967
3.48125e-08 -0.011769
3.4825e-08 -0.0115397
3.48375e-08 -0.0113192
3.485e-08 -0.0111179
3.48625e-08 -0.0109446
3.4875e-08 -0.0108012
3.48875e-08 -0.0106885
3.49e-08 -0.0106068
3.49125e-08 -0.0105556
3.4925e-08 -0.0105302
3.49375e-08 -0.0105247
3.495e-08 -0.0105334
3.49625e-08 -0.01055
3.4975e-08 -0.0105677
3.49875e-08 -0.0105791
3.5e-08 -0.010577
3.50125e-08 -0.0105556
3.5025e-08 -0.0105148
3.50375e-08 -0.010456
3.505e-08 -0.0103806
3.50625e-08 -0.0102908
3.5075e-08 -0.0101924
3.50875e-08 -0.0100923
3.51e-08 -0.00999692
3.51125e-08 -0.00991217
3.5125e-08 -0.00984006
3.51375e-08 -0.0097817
3.515e-08 -0.00973818
3.51625e-08 -0.00971023
3.5175e-08 -0.00969701
3.51875e-08 -0.00969728
3.52e-08 -0.0097098
3.52125e-08 -0.00973305
3.5225e-08 -0.00976425
3.52375e-08 -0.00980031
3.525e-08 -0.00983814
3.52625e-08 -0.00987451
3.5275e-08 -0.00990546
3.52875e-08 -0.00992689
3.53e-08 -0.0099347
3.53125e-08 -0.00992526
3.5325e-08 -0.00989682
3.53375e-08 -0.00984809
3.535e-08 -0.00977783
3.53625e-08 -0.00968525
3.5375e-08 -0.00957168
3.53875e-08 -0.00943893
3.54e-08 -0.00928881
3.54125e-08 -0.00912396
3.5425e-08 -0.00895021
3.54375e-08 -0.00877417
3.545e-08 -0.00860249
3.54625e-08 -0.00844116
3.5475e-08 -0.00829361
3.54875e-08 -0.00816265
3.55e-08 -0.00805107
3.55125e-08 -0.00796084
3.5525e-08 -0.00789058
3.55375e-08 -0.00783807
3.555e-08 -0.00780111
3.55625e-08 -0.00777726
3.5575e-08 -0.00776331
3.55875e-08 -0.00775581
3.56e-08 -0.00775134
3.56125e-08 -0.00774627
3.5625e-08 -0.00773619
3.56375e-08 -0.00771651
3.565e-08 -0.00768261
3.56625e-08 -0.00763103
3.5675e-08 -0.0075628
3.56875e-08 -0.00748007
3.57e-08 -0.00738502
3.57125e-08 -0.00728035
3.5725e-08 -0.00717097
3.57375e-08 -0.00706235
3.575e-08 -0.00695996
3.57625e-08 -0.00686842
3.5775e-08 -0.006789
3.57875e-08 -0.00672211
3.58e-08 -0.00666818
3.58125e-08 -0.00662727
3.5825e-08 -0.00659802
3.58375e-08 -0.0065787
3.585e-08 -0.00656759
3.58625e-08 -0.00656282
3.5875e-08 -0.006562
3.58875e-08 -0.00656258
3.59e-08 -0.00656202
3.59125e-08 -0.0065578
3.5925e-08 -0.00654758
3.59375e-08 -0.00652899
3.595e-08 -0.00649972
3.59625e-08 -0.00645797
3.5975e-08 -0.00640408
3.59875e-08 -0.00633897
3.6e-08 -0.00626352
3.60125e-08 -0.00617868
3.6025e-08 -0.00608562
3.60375e-08 -0.00598556
3.605e-08 -0.00587972
3.60625e-08 -0.00576955
3.6075e-08 -0.00565741
3.60875e-08 -0.00554589
3.61e-08 -0.00543759
3.61125e-08 -0.00533507
3.6125e-08 -0.0052408
3.61375e-08 -0.00515723
3.615e-08 -0.0050868
3.61625e-08 -0.00503126
3.6175e-08 -0.00498952
3.61875e-08 -0.00495982
3.62e-08 -0.00494036
3.62125e-08 -0.00492907
3.6225e-08 -0.00492277
3.62375e-08 -0.00491797
3.625e-08 -0.00491119
3.62625e-08 -0.00489932
3.6275e-08 -0.00488074
3.62875e-08 -0.00485422
3.63e-08 -0.0048185
3.63125e-08 -0.00477283
3.6325e-08 -0.00471844
3.63375e-08 -0.00465703
3.635e-08 -0.00459032
3.63625e-08 -0.00452032
3.6375e-08 -0.00445031
3.63875e-08 -0.00438383
3.64e-08 -0.00432447
3.64125e-08 -0.00427507
3.6425e-08 -0.00423571
3.64375e-08 -0.00420572
3.645e-08 -0.00418447
3.64625e-08 -0.0041711
3.6475e-08 -0.004164
3.64875e-08 -0.00416135
3.65e-08 -0.00416134
3.65125e-08 -0.00416214
3.6525e-08 -0.00416183
3.65375e-08 -0.00415849
3.655e-08 -0.0041502
3.65625e-08 -0.00413534
3.6575e-08 -0.00411355
3.65875e-08 -0.00408479
3.66e-08 -0.00404901
3.66125e-08 -0.00400644
3.6625e-08 -0.00395837
3.66375e-08 -0.00390637
3.665e-08 -0.00385202
3.66625e-08 -0.00379655
3.6675e-08 -0.00374
3.66875e-08 -0.00368204
3.67e-08 -0.00362237
3.67125e-08 -0.00356099
3.6725e-08 -0.00349908
3.67375e-08 -0.00343811
3.675e-08 -0.00337957
3.67625e-08 -0.00332483
3.6775e-08 -0.00327495
3.67875e-08 -0.00323086
3.68e-08 -0.00319352
3.68125e-08 -0.00316356
3.6825e-08 -0.00314037
3.68375e-08 -0.00312301
3.685e-08 -0.00311055
3.68625e-08 -0.0031019
3.6875e-08 -0.00309531
3.68875e-08 -0.00308886
3.69e-08 -0.00308063
3.69125e-08 -0.0030689
3.6925e-08 -0.00305263
3.69375e-08 -0.00303098
3.695e-08 -0.00300308
3.69625e-08 -0.00296862
3.6975e-08 -0.00292931
3.69875e-08 -0.00288741
3.7e-08 -0.00284518
3.70125e-08 -0.00280468
3.7025e-08 -0.00276729
3.70375e-08 -0.00273422
3.705e-08 -0.00270668
3.70625e-08 -0.0026856
3.7075e-08 -0.00267083
3.70875e-08 -0.00266196
3.71e-08 -0.00265858
3.71125e-08 -0.00265994
3.7125e-08 -0.00266401
3.71375e-08 -0.00266842
3.715e-08 -0.00267079
3.71625e-08 -0.00266909
3.7175e-08 -0.00266254
3.71875e-08 -0.00265068
3.72e-08 -0.00263308
3.72125e-08 -0.00260951
3.7225e-08 -0.00258065
3.72375e-08 -0.00254743
3.725e-08 -0.00251075
3.72625e-08 -0.0024715
3.7275e-08 -0.00243041
3.72875e-08 -0.00238815
3.73e-08 -0.00234541
3.73125e-08 -0.00230294
3.7325e-08 -0.00226162
3.73375e-08 -0.0022224
3.735e-08 -0.00218624
3.73625e-08 -0.00215389
3.7375e-08 -0.00212528
3.73875e-08 -0.00210017
3.74e-08 -0.0020783
3.74125e-08 -0.00205931
3.7425e-08 -0.00204241
3.74375e-08 -0.00202669
3.745e-08 -0.00201126
3.74625e-08 -0.00199548
3.7475e-08 -0.00197973
3.74875e-08 -0.00196465
3.75e-08 -0.00195091
3.75125e-08 -0.00193895
3.7525e-08 -0.00192847
3.75375e-08 -0.00191899
3.755e-08 -0.00191
3.75625e-08 -0.00190078
3.7575e-08 -0.00188968
3.75875e-08 -0.00187479
3.76e-08 -0.00185423
3.76125e-08 -0.00182696
3.7625e-08 -0.00179535
3.76375e-08 -0.00176266
3.765e-08 -0.00173209
3.76625e-08 -0.00170627
3.7675e-08 -0.00168525
3.76875e-08 -0.00166847
3.77e-08 -0.00165534
3.77125e-08 -0.00164529
3.7725e-08 -0.00163778
3.77375e-08 -0.00163222
3.775e-08 -0.00162806
3.77625e-08 -0.00162478
3.7775e-08 -0.00162199
3.77875e-08 -0.00161935
3.78e-08 -0.00161652
3.78125e-08 -0.00161292
3.7825e-08 -0.00160701
3.78375e-08 -0.00159701
3.785e-08 -0.00158115
3.78625e-08 -0.00155817
3.7875e-08 -0.00152901
3.78875e-08 -0.00149512
3.79e-08 -0.00145798
3.79125e-08 -0.00141915
3.7925e-08 -0.00138057
3.79375e-08 -0.00134428
3.795e-08 -0.00131233
3.79625e-08 -0.00128621
3.7975e-08 -0.00126514
3.79875e-08 -0.00124781
3.8e-08 -0.00123289
3.80125e-08 -0.00121921
3.8025e-08 -0.00120624
3.80375e-08 -0.00119361
3.805e-08 -0.00118095
3.80625e-08 -0.00116801
3.8075e-08 -0.00115508
3.80875e-08 -0.00114259
3.81e-08 -0.00113095
3.81125e-08 -0.00112042
3.8125e-08 -0.00111063
3.81375e-08 -0.00110104
3.815e-08 -0.00109111
3.81625e-08 -0.00108044
3.8175e-08 -0.00106928
3.81875e-08 -0.001058
3.82e-08 -0.001047
3.82125e-08 -0.00103638
3.8225e-08 -0.00102525
3.82375e-08 -0.00101243
3.825e-08 -0.000996759
3.82625e-08 -0.000977539
3.8275e-08 -0.000956031
3.82875e-08 -0.000933979
3.83e-08 -0.000913122
3.83125e-08 -0.000895022
3.8325e-08 -0.000880511
3.83375e-08 -0.00087024
3.835e-08 -0.000864861
3.83625e-08 -0.000864572
3.8375e-08 -0.000867758
3.83875e-08 -0.000872351
3.84e-08 -0.000876284
3.84125e-08 -0.000877834
3.8425e-08 -0.000876657
3.84375e-08 -0.000872754
3.845e-08 -0.000866126
3.84625e-08 -0.000856778
3.8475e-08 -0.000844728
3.84875e-08 -0.000829998
3.85e-08 -0.000812608
3.85125e-08 -0.000792714
3.8525e-08 -0.000770996
3.85375e-08 -0.000748265
3.855e-08 -0.000725336
3.85625e-08 -0.000702972
3.8575e-08 -0.000681747
3.85875e-08 -0.000662189
3.86e-08 -0.000644822
3.86125e-08 -0.000630005
3.8625e-08 -0.000617428
3.86375e-08 -0.000606611
3.865e-08 -0.000597075
3.86625e-08 -0.000588464
3.8675e-08 -0.000580915
3.86875e-08 -0.000574687
3.87e-08 -0.000570039
3.87125e-08 -0.000567057
3.8725e-08 -0.000565134
3.87375e-08 -0.00056349
3.875e-08 -0.000561344
3.87625e-08 -0.000557957
3.8775e-08 -0.000552756
3.87875e-08 -0.000545208
3.88e-08 -0.000534782
3.88125e-08 -0.000521357
3.8825e-08 -0.000506456
3.88375e-08 -0.000492012
3.885e-08 -0.00047996
3.88625e-08 -0.000471668
3.8875e-08 -0.000466233
3.88875e-08 -0.000462187
3.89e-08 -0.000458063
3.89125e-08 -0.000452592
3.8925e-08 -0.000445307
3.89375e-08 -0.000435941
3.895e-08 -0.000424229
3.89625e-08 -0.000410212
3.8975e-08 -0.000395168
3.89875e-08 -0.000380682
3.9e-08 -0.00036834
3.90125e-08 -0.000359359
3.9025e-08 -0.000353481
3.90375e-08 -0.000350083
3.905e-08 -0.000348537
3.90625e-08 -0.00034816
3.9075e-08 -0.000348029
3.90875e-08 -0.000347164
3.91e-08 -0.000344585
3.91125e-08 -0.0003394
3.9125e-08 -0.000331081
3.91375e-08 -0.000319188
3.915e-08 -0.00030328
3.91625e-08 -0.00028332
3.9175e-08 -0.000260867
3.91875e-08 -0.000237881
3.92e-08 -0.000216324
3.92125e-08 -0.000197831
3.9225e-08 -0.000182742
3.92375e-08 -0.000171075
3.925e-08 -0.000162846
3.92625e-08 -0.000157862
3.9275e-08 -0.000155103
3.92875e-08 -0.00015334
3.93e-08 -0.000151344
3.93125e-08 -0.000148208
3.9325e-08 -0.000144319
3.93375e-08 -0.000140385
3.935e-08 -0.000137114
3.93625e-08 -0.000134969
3.9375e-08 -0.00013342
3.93875e-08 -0.000131693
3.94e-08 -0.000129012
3.94125e-08 -0.000124798
3.9425e-08 -0.000119257
3.94375e-08 -0.000112794
3.945e-08 -0.00010581
3.94625e-08 -9.87249e-05
3.9475e-08 -9.20237e-05
3.94875e-08 -8.62077e-05
3.95e-08 -8.17784e-05
3.95125e-08 -7.89385e-05
3.9525e-08 -7.66972e-05
3.95375e-08 -7.37653e-05
3.955e-08 -6.88535e-05
3.95625e-08 -6.1095e-05
3.9575e-08 -5.1314e-05
3.95875e-08 -4.07573e-05
3.96e-08 -3.06716e-05
3.96125e-08 -2.21035e-05
3.9625e-08 -1.5298e-05
3.96375e-08 -1.02999e-05
3.965e-08 -7.15388e-06
3.96625e-08 -5.75966e-06
3.9675e-08 -5.4368e-06
3.96875e-08 -5.35984e-06
3.97e-08 -4.70328e-06
3.97125e-08 -2.86262e-06
3.9725e-08 -1.17132e-07
3.97375e-08 3.03292e-06
3.975e-08 6.08727e-06
3.97625e-08 8.72679e-06
3.9775e-08 1.13567e-05
3.97875e-08 1.45634e-05
3.98e-08 1.89331e-05
3.98125e-08 2.48873e-05
3.9825e-08 3.21872e-05
3.98375e-08 4.04293e-05
3.985e-08 4.92098e-05
3.98625e-08 5.80852e-05
3.9875e-08 6.64526e-05
3.98875e-08 7.36689e-05
3.99e-08 7.90912e-05
3.99125e-08 8.23308e-05
3.9925e-08 8.40152e-05
3.99375e-08 8.50261e-05
3.995e-08 8.62454e-05
3.99625e-08 8.8405e-05
3.9975e-08 9.16388e-05
3.99875e-08 9.59308e-05
4e-08 0.000101265
4.00125e-08 0.000107716
4.0025e-08 0.000115716
4.00375e-08 0.000125789
4.005e-08 0.000138459
4.00625e-08 0.000153884
4.0075e-08 0.00017077
4.00875e-08 0.00018746
4.01e-08 0.000202293
4.01125e-08 0.000213969
4.0125e-08 0.000222612
4.01375e-08 0.000228704
4.015e-08 0.000232728
4.01625e-08 0.000235133
4.0175e-08 0.000236249
4.01875e-08 0.000236376
4.02e-08 0.000235811
4.02125e-08 0.000234791
4.0225e-08 0.000233302
4.02375e-08 0.00023127
4.025e-08 0.000228617
4.02625e-08 0.000225344
4.0275e-08 0.000221754
4.02875e-08 0.000218226
4.03e-08 0.000215139
4.03125e-08 0.000212781
4.0325e-08 0.000211081
4.03375e-08 0.000209878
4.035e-08 0.000209012
4.03625e-08 0.000208414
4.0375e-08 0.000208391
4.03875e-08 0.00020934
4.04e-08 0.00021166
4.04125e-08 0.000215701
4.0425e-08 0.000221608
4.04375e-08 0.000229479
4.045e-08 0.000239407
4.04625e-08 0.000251176
4.0475e-08 0.000263305
4.04875e-08 0.000273999
4.05e-08 0.000281463
4.05125e-08 0.000284491
4.0525e-08 0.000284236
4.05375e-08 0.000282435
4.055e-08 0.00028083
4.05625e-08 0.000280849
4.0575e-08 0.00028267
4.05875e-08 0.00028616
4.06e-08 0.000291186
4.06125e-08 0.000297453
4.0625e-08 0.000304011
4.06375e-08 0.00030975
4.065e-08 0.000313558
4.06625e-08 0.000314824
4.0675e-08 0.000314939
4.06875e-08 0.000315797
4.07e-08 0.000319289
4.07125e-08 0.000326711
4.0725e-08 0.000336979
4.07375e-08 0.000348412
4.075e-08 0.000359328
4.07625e-08 0.000368301
4.0775e-08 0.000374912
4.07875e-08 0.000378998
4.08e-08 0.000380396
4.08125e-08 0.00037911
4.0825e-08 0.00037583
4.08375e-08 0.000371414
4.085e-08 0.00036672
4.08625e-08 0.000362456
4.0875e-08 0.000358735
4.08875e-08 0.000355518
4.09e-08 0.000352767
4.09125e-08 0.000350438
4.0925e-08 0.000348457
4.09375e-08 0.000346744
4.095e-08 0.000345218
4.09625e-08 0.000343776
4.0975e-08 0.000342222
4.09875e-08 0.000340338
4.1e-08 0.000337905
4.10125e-08 0.00033487
4.1025e-08 0.000331837
4.10375e-08 0.000329575
4.105e-08 0.000328854
4.10625e-08 0.000330172
4.1075e-08 0.000332943
4.10875e-08 0.000336307
4.11e-08 0.000339407
4.11125e-08 0.000341638
4.1125e-08 0.000343401
4.11375e-08 0.000345351
4.115e-08 0.000348143
4.11625e-08 0.000352165
4.1175e-08 0.000356742
4.11875e-08 0.000360932
4.12e-08 0.000363795
4.12125e-08 0.000364612
4.1225e-08 0.000363561
4.12375e-08 0.000361047
4.125e-08 0.000357471
4.12625e-08 0.000353386
4.1275e-08 0.000349948
4.12875e-08 0.000348463
4.13e-08 0.000350237
4.13125e-08 0.000356163
4.1325e-08 0.000365478
4.13375e-08 0.000377004
4.135e-08 0.000389566
4.13625e-08 0.00040209
4.1375e-08 0.000413928
4.13875e-08 0.000424533
4.14e-08 0.00043336
4.14125e-08 0.000439994
4.1425e-08 0.000444539
4.14375e-08 0.00044723
4.145e-08 0.000448301
4.14625e-08 0.000448082
4.1475e-08 0.00044729
4.14875e-08 0.000446737
4.15e-08 0.000447234
4.15125e-08 0.00044937
4.1525e-08 0.000452848
4.15375e-08 0.000457144
4.155e-08 0.000461739
4.15625e-08 0.000466175
4.1575e-08 0.000470244
4.15875e-08 0.000473807
4.16e-08 0.00047672
4.16125e-08 0.000478879
4.1625e-08 0.000480332
4.16375e-08 0.000481165
4.165e-08 0.000481463
4.16625e-08 0.000481345
4.1675e-08 0.000481067
4.16875e-08 0.000480918
4.17e-08 0.000481186
4.17125e-08 0.00048215
4.1725e-08 0.000484042
4.17375e-08 0.000487085
4.175e-08 0.000491502
4.17625e-08 0.000497426
4.1775e-08 0.00050463
4.17875e-08 0.0005128
4.18e-08 0.000521621
4.18125e-08 0.000530783
4.1825e-08 0.000539996
4.18375e-08 0.000548973
4.185e-08 0.000557431
4.18625e-08 0.00056511
4.1875e-08 0.000571862
4.18875e-08 0.000577564
4.19e-08 0.000582095
4.19125e-08 0.000585513
4.1925e-08 0.0005886
4.19375e-08 0.000592318
4.195e-08 0.000597629
4.19625e-08 0.000605082
4.1975e-08 0.000613576
4.19875e-08 0.000621596
4.2e-08 0.000627629
4.20125e-08 0.000630503
4.2025e-08 0.000630428
4.20375e-08 0.000627955
4.205e-08 0.000623637
4.20625e-08 0.000618043
4.2075e-08 0.000611818
4.20875e-08 0.000605623
4.21e-08 0.000600119
4.21125e-08 0.00059571
4.2125e-08 0.000591772
4.21375e-08 0.000587422
4.215e-08 0.000581779
4.21625e-08 0.000574236
4.2175e-08 0.00056529
4.21875e-08 0.000555716
4.22e-08 0.000546285
4.22125e-08 0.000537641
4.2225e-08 0.0005299
4.22375e-08 0.000523049
4.225e-08 0.000517075
4.22625e-08 0.000511982
4.2275e-08 0.000507844
4.22875e-08 0.000504755
4.23e-08 0.000502807
4.23125e-08 0.000502009
4.2325e-08 0.00050204
4.23375e-08 0.000502494
4.235e-08 0.000502965
4.23625e-08 0.000503151
4.2375e-08 0.000503167
4.23875e-08 0.00050323
4.24e-08 0.000503558
4.24125e-08 0.000504353
4.2425e-08 0.000505758
4.24375e-08 0.000507901
4.245e-08 0.000510909
4.24625e-08 0.000514855
4.2475e-08 0.000519587
4.24875e-08 0.000524902
4.25e-08 0.000530593
4.25125e-08 0.000536378
4.2525e-08 0.000541661
4.25375e-08 0.000545767
4.255e-08 0.000548024
4.25625e-08 0.000548058
4.2575e-08 0.000546706
4.25875e-08 0.000545103
4.26e-08 0.000544388
4.26125e-08 0.000545519
4.2625e-08 0.000548751
4.26375e-08 0.000554159
4.265e-08 0.000561818
4.26625e-08 0.000571587
4.2675e-08 0.000582442
4.26875e-08 0.000593144
4.27e-08 0.000602451
4.27125e-08 0.000609452
4.2725e-08 0.000614555
4.27375e-08 0.000618497
4.275e-08 0.000622016
4.27625e-08 0.000625737
4.2775e-08 0.00062983
4.27875e-08 0.000634354
4.28e-08 0.000639368
4.28125e-08 0.000644911
4.2825e-08 0.000650954
4.28375e-08 0.000657449
4.285e-08 0.000664348
4.28625e-08 0.000671534
4.2875e-08 0.000678605
4.28875e-08 0.000685089
4.29e-08 0.000690514
4.29125e-08 0.000694508
4.2925e-08 0.000697099
4.29375e-08 0.000698413
4.295e-08 0.000698577
4.29625e-08 0.000697686
4.2975e-08 0.0006957
4.29875e-08 0.000692543
4.3e-08 0.000688143
4.30125e-08 0.000682414
4.3025e-08 0.000675228
4.30375e-08 0.000666446
4.305e-08 0.000655929
4.30625e-08 0.000643799
4.3075e-08 0.000631226
4.30875e-08 0.00061964
4.31e-08 0.000610475
4.31125e-08 0.00060468
4.3125e-08 0.00060129
4.31375e-08 0.000598855
4.315e-08 0.000595929
4.31625e-08 0.000591399
4.3175e-08 0.000585491
4.31875e-08 0.000578764
4.32e-08 0.000571779
4.32125e-08 0.000565109
4.3225e-08 0.000559374
4.32375e-08 0.000555207
4.325e-08 0.000553241
4.32625e-08 0.000553897
4.3275e-08 0.000556741
4.32875e-08 0.000561125
4.33e-08 0.000566404
4.33125e-08 0.000572041
4.3325e-08 0.00057795
4.33375e-08 0.000584152
4.335e-08 0.000590672
4.33625e-08 0.000597401
4.3375e-08 0.000603705
4.33875e-08 0.000608819
4.34e-08 0.000611977
4.34125e-08 0.000612669
4.3425e-08 0.000611411
4.34375e-08 0.000608974
4.345e-08 0.000606127
4.34625e-08 0.000603574
4.3475e-08 0.000601744
4.34875e-08 0.000600999
4.35e-08 0.0006017
4.35125e-08 0.000604016
4.3525e-08 0.000607347
4.35375e-08 0.000610897
4.355e-08 0.000613874
4.35625e-08 0.000615678
4.3575e-08 0.000616495
4.35875e-08 0.000616702
4.36e-08 0.00061668
4.36125e-08 0.000616793
4.3625e-08 0.000617344
4.36375e-08 0.00061862
4.365e-08 0.000620909
4.36625e-08 0.000624354
4.3675e-08 0.000628514
4.36875e-08 0.000632805
4.37e-08 0.000636641
4.37125e-08 0.000639562
4.3725e-08 0.00064161
4.37375e-08 0.000642952
4.375e-08 0.000643755
4.37625e-08 0.000644251
4.3775e-08 0.000644929
4.37875e-08 0.000646344
4.38e-08 0.000649052
4.38125e-08 0.000653342
4.3825e-08 0.000658454
4.38375e-08 0.00066336
4.385e-08 0.000667036
4.38625e-08 0.000668794
4.3875e-08 0.000669307
4.38875e-08 0.000669583
4.39e-08 0.000670633
4.39125e-08 0.000673286
4.3925e-08 0.000677652
4.39375e-08 0.000683656
4.395e-08 0.000691226
4.39625e-08 0.000700132
4.3975e-08 0.000709521
4.39875e-08 0.000718378
4.4e-08 0.000725692
4.40125e-08 0.000730736
4.4025e-08 0.000733922
4.40375e-08 0.000735948
4.405e-08 0.00073751
4.40625e-08 0.000739104
4.4075e-08 0.000740411
4.40875e-08 0.00074091
4.41e-08 0.000740079
4.41125e-08 0.000737665
4.4125e-08 0.000734472
4.41375e-08 0.000731573
4.415e-08 0.00073004
4.41625e-08 0.000730634
4.4175e-08 0.000732875
4.41875e-08 0.000735971
4.42e-08 0.000739131
4.42125e-08 0.000741613
4.4225e-08 0.000742879
4.42375e-08 0.000742438
4.425e-08 0.000739803
4.42625e-08 0.000734817
4.4275e-08 0.000728665
4.42875e-08 0.000722864
4.43e-08 0.000718933
4.43125e-08 0.000717859
4.4325e-08 0.000718506
4.43375e-08 0.000719208
4.435e-08 0.000718301
4.43625e-08 0.000714603
4.4375e-08 0.000708881
4.43875e-08 0.000702384
4.44e-08 0.000696364
4.44125e-08 0.000691883
4.4425e-08 0.000689254
4.44375e-08 0.000688598
4.445e-08 0.00069004
4.44625e-08 0.000693389
4.4475e-08 0.0006972
4.44875e-08 0.000699713
4.45e-08 0.00069917
4.45125e-08 0.000694496
4.4525e-08 0.00068735
4.45375e-08 0.000680077
4.455e-08 0.00067502
4.45625e-08 0.000673917
4.4575e-08 0.000676078
4.45875e-08 0.000680211
4.46e-08 0.00068502
4.46125e-08 0.000689407
4.4625e-08 0.000693061
4.46375e-08 0.000695867
4.465e-08 0.000697708
4.46625e-08 0.000698572
4.4675e-08 0.000698857
4.46875e-08 0.000699061
4.47e-08 0.000699684
4.47125e-08 0.000701044
4.4725e-08 0.000702737
4.47375e-08 0.000704178
4.475e-08 0.000704783
4.47625e-08 0.000704249
4.4775e-08 0.000703403
4.47875e-08 0.000703356
4.48e-08 0.000705218
4.48125e-08 0.000709626
4.4825e-08 0.000715328
4.48375e-08 0.0007206
4.485e-08 0.000723716
4.48625e-08 0.000723422
4.4875e-08 0.000720341
4.48875e-08 0.000715569
4.49e-08 0.000710198
4.49125e-08 0.000705181
4.4925e-08 0.000700907
4.49375e-08 0.000697622
4.495e-08 0.000695573
4.49625e-08 0.000694869
4.4975e-08 0.000695064
4.49875e-08 0.000695572
4.5e-08 0.000695811
4.50125e-08 0.000695405
4.5025e-08 0.000694823
4.50375e-08 0.000694745
4.505e-08 0.00069585
4.50625e-08 0.000698503
4.5075e-08 0.000701807
4.50875e-08 0.000704555
4.51e-08 0.000705534
4.51125e-08 0.000703959
4.5125e-08 0.000700736
4.51375e-08 0.000697194
4.515e-08 0.000694664
4.51625e-08 0.000694174
4.5175e-08 0.000695544
4.51875e-08 0.000698292
4.52e-08 0.000701937
4.52125e-08 0.000705917
4.5225e-08 0.000709345
4.52375e-08 0.000711253
4.525e-08 0.000710672
4.52625e-08 0.000707115
4.5275e-08 0.000702014
4.52875e-08 0.000697279
4.53e-08 0.000694823
4.53125e-08 0.000696023
4.5325e-08 0.000700126
4.53375e-08 0.000705847
4.535e-08 0.000711898
4.53625e-08 0.000717111
4.5375e-08 0.000720798
4.53875e-08 0.000722386
4.54e-08 0.000721305
4.54125e-08 0.000717309
4.5425e-08 0.000711457
4.54375e-08 0.000705134
4.545e-08 0.000699724
4.54625e-08 0.000696311
4.5475e-08 0.000694783
4.54875e-08 0.000694727
4.55e-08 0.000695732
4.55125e-08 0.000697298
4.5525e-08 0.000698588
4.55375e-08 0.000698677
4.555e-08 0.000696641
4.55625e-08 0.000692016
4.5575e-08 0.000686183
4.55875e-08 0.000680984
4.56e-08 0.000678261
4.56125e-08 0.000679297
4.5625e-08 0.000683144
4.56375e-08 0.000688294
4.565e-08 0.000693241
4.56625e-08 0.000696721
4.5675e-08 0.000698442
4.56875e-08 0.000698352
4.57e-08 0.000696404
4.57125e-08 0.000692777
4.5725e-08 0.00068858
4.57375e-08 0.000685153
4.575e-08 0.000683834
4.57625e-08 0.000685471
4.5775e-08 0.000688939
4.57875e-08 0.000692621
4.58e-08 0.000694902
4.58125e-08 0.000694641
4.5825e-08 0.000692614
4.58375e-08 0.00069007
4.585e-08 0.000688261
4.58625e-08 0.000688131
4.5875e-08 0.000689397
4.58875e-08 0.000691469
4.59e-08 0.000693755
4.59125e-08 0.000695749
4.5925e-08 0.000697274
4.59375e-08 0.000698235
4.595e-08 0.000698538
4.59625e-08 0.000698215
4.5975e-08 0.000697808
4.59875e-08 0.000697982
4.6e-08 0.000699407
4.60125e-08 0.000702406
4.6025e-08 0.000705929
4.60375e-08 0.000708583
4.605e-08 0.000708973
4.60625e-08 0.000706162
4.6075e-08 0.000701036
4.60875e-08 0.000694938
4.61e-08 0.00068921
4.61125e-08 0.000685001
4.6125e-08 0.00068269
4.61375e-08 0.000682463
4.615e-08 0.000684506
4.61625e-08 0.000688735
4.6175e-08 0.00069399
4.61875e-08 0.000698841
4.62e-08 0.000701858
4.62125e-08 0.000702093
4.6225e-08 0.000700521
4.62375e-08 0.0006986
4.625e-08 0.000697787
4.62625e-08 0.000699129
4.6275e-08 0.000702031
4.62875e-08 0.000705489
4.63e-08 0.000708498
4.63125e-08 0.000710296
4.6325e-08 0.00071109
4.63375e-08 0.000711329
4.635e-08 0.000711463
4.63625e-08 0.000711869
4.6375e-08 0.000712633
4.63875e-08 0.000713771
4.64e-08 0.000715297
4.64125e-08 0.000717092
4.6425e-08 0.000718508
4.64375e-08 0.000718763
4.645e-08 0.000717075
4.64625e-08 0.000713067
4.6475e-08 0.000707976
4.64875e-08 0.000703442
4.65e-08 0.000701107
4.65125e-08 0.000702115
4.6525e-08 0.000705619
4.65375e-08 0.000710276
4.655e-08 0.000714743
4.65625e-08 0.000717858
4.6575e-08 0.000719185
4.65875e-08 0.000718468
4.66e-08 0.000715455
4.66125e-08 0.000710219
4.6625e-08 0.000704152
4.66375e-08 0.000698973
4.665e-08 0.000696403
4.66625e-08 0.000697647
4.6675e-08 0.000701845
4.66875e-08 0.00070762
4.67e-08 0.000713597
4.67125e-08 0.000718583
4.6725e-08 0.000722113
4.67375e-08 0.000723905
4.675e-08 0.000723676
4.67625e-08 0.000721368
4.6775e-08 0.000717813
4.67875e-08 0.000714067
4.68e-08 0.000711186
4.68125e-08 0.000709915
4.6825e-08 0.000709746
4.68375e-08 0.000709863
4.685e-08 0.000709447
4.68625e-08 0.000707908
4.6875e-08 0.000705566
4.68875e-08 0.000702971
4.69e-08 0.000700672
4.69125e-08 0.000699051
4.6925e-08 0.000697819
4.69375e-08 0.000696521
4.695e-08 0.000694704
4.69625e-08 0.00069206
4.6975e-08 0.000688878
4.69875e-08 0.000685595
4.7e-08 0.000682649
4.70125e-08 0.000680382
4.7025e-08 0.000678758
4.70375e-08 0.000677647
4.705e-08 0.000676917
4.70625e-08 0.000676451
4.7075e-08 0.000676172
4.70875e-08 0.000676019
4.71e-08 0.000675929
