-5.8e-09 -0.00302332
-5.75e-09 -0.00361621
-5.7e-09 -0.00539486
-5.65e-09 -0.00480198
-5.6e-09 -0.00322095
-5.55e-09 -0.00243043
-5.5e-09 -0.00124466
-5.45e-09 -0.00124466
-5.4e-09 -0.00124466
-5.35e-09 -0.00203518
-5.3e-09 -0.00262806
-5.25e-09 -0.00144229
-5.2e-09 -0.000849407
-5.15e-09 -0.00045415
-5.1e-09 -0.00144229
-5.05e-09 -0.00144229
-5e-09 -0.000849407
-4.95e-09 -0.00144229
-4.9e-09 -0.00144229
-4.85e-09 -0.00124466
-4.8e-09 -0.00144229
-4.75e-09 -0.000256522
-4.7e-09 -0.00104704
-4.65e-09 -0.00163992
-4.6e-09 -0.00104704
-4.55e-09 -0.00163992
-4.5e-09 -0.00124466
-4.45e-09 -0.00183755
-4.4e-09 -0.00302332
-4.35e-09 -0.00341858
-4.3e-09 -0.00361621
-4.25e-09 -0.00282569
-4.2e-09 -0.00341858
-4.15e-09 -0.00361621
-4.1e-09 -0.00341858
-4.05e-09 -0.00519723
-4e-09 -0.00559249
-3.95e-09 -0.00480198
-3.9e-09 -0.00440672
-3.85e-09 -0.00381383
-3.8e-09 -0.00420909
-3.75e-09 -0.00302332
-3.7e-09 -0.00183755
-3.65e-09 -0.00183755
-3.6e-09 -0.00104704
-3.55e-09 -0.000651779
-3.5e-09 -0.000651779
-3.45e-09 -0.00045415
-3.4e-09 -0.00104704
-3.35e-09 -0.00104704
-3.3e-09 0.000138735
-3.25e-09 -5.88933e-05
-3.2e-09 0.000929249
-3.15e-09 0.000929249
-3.1e-09 -5.88933e-05
-3.05e-09 0.000138735
-3e-09 0.000138735
-2.95e-09 0.000336364
-2.9e-09 0.000731621
-2.85e-09 0.000138735
-2.8e-09 -0.000256522
-2.75e-09 -0.00045415
-2.7e-09 0.000138735
-2.65e-09 0.000731621
-2.6e-09 0.000929249
-2.55e-09 0.000929249
-2.5e-09 0.00132451
-2.45e-09 0.00112688
-2.4e-09 0.000929249
-2.35e-09 0.000533992
-2.3e-09 0.000336364
-2.25e-09 0.00132451
-2.2e-09 0.000731621
-2.15e-09 -5.88933e-05
-2.1e-09 0.000336364
-2.05e-09 -0.000256522
-2e-09 -0.00045415
-1.95e-09 -0.00045415
-1.9e-09 -0.00163992
-1.85e-09 -0.00163992
-1.8e-09 -0.00124466
-1.75e-09 -0.00203518
-1.7e-09 -0.00243043
-1.65e-09 -0.00144229
-1.6e-09 -0.00045415
-1.55e-09 -0.00045415
-1.5e-09 -5.88933e-05
-1.45e-09 0.000731621
-1.4e-09 0.000336364
-1.35e-09 0.000929249
-1.3e-09 0.00191739
-1.25e-09 0.00112688
-1.2e-09 0.000138735
-1.15e-09 -5.88933e-05
-1.1e-09 0.000731621
-1.05e-09 0.000731621
-1e-09 0.00191739
-9.5e-10 0.00251028
-9e-10 0.00191739
-8.5e-10 0.00270791
-8e-10 0.00270791
-7.5e-10 0.00231265
-7e-10 0.00112688
-6.5e-10 0.00132451
-6e-10 0.00112688
-5.5e-10 0.000336364
-5e-10 0.000138735
-4.5e-10 -0.000651779
-4e-10 -0.00045415
-3.5e-10 -5.88933e-05
-3e-10 0.00112688
-2.5e-10 0.00270791
-2e-10 0.00152213
-1.5e-10 0.000929249
-1e-10 0.000336364
-5e-11 -0.00104704
7.10543e-25 0.000138735
5e-11 0.000533992
1e-10 0.000533992
1.5e-10 0.000731621
2e-10 0.000336364
2.5e-10 0.000533992
3e-10 -0.000256522
3.5e-10 -5.88933e-05
4e-10 0.00132451
4.5e-10 0.000731621
5e-10 0.000138735
5.5e-10 0.00171976
6e-10 0.00231265
6.5e-10 0.00191739
7e-10 0.00211502
7.5e-10 0.000929249
8e-10 0.000929249
8.5e-10 0.000731621
9e-10 0.000336364
9.5e-10 0.00152213
1e-09 0.00112688
1.05e-09 0.000929249
1.1e-09 0.00112688
1.15e-09 0.000336364
1.2e-09 -5.88933e-05
1.25e-09 0.000336364
1.3e-09 0.000731621
1.35e-09 0.000929249
1.4e-09 0.000929249
1.45e-09 0.000336364
1.5e-09 -0.00045415
1.55e-09 -0.00104704
1.6e-09 -0.00104704
1.65e-09 -5.88933e-05
1.7e-09 -0.000256522
1.75e-09 -0.00045415
1.8e-09 0.000731621
1.85e-09 0.00112688
1.9e-09 0.00171976
1.95e-09 0.00211502
2e-09 0.00231265
2.05e-09 0.00231265
2.1e-09 0.00211502
2.15e-09 0.00152213
2.2e-09 0.000929249
2.25e-09 0.00231265
2.3e-09 0.00211502
2.35e-09 0.000731621
2.4e-09 0.000138735
2.45e-09 -0.00124466
2.5e-09 -0.00144229
2.55e-09 -0.00045415
2.6e-09 0.000929249
2.65e-09 0.00132451
2.7e-09 0.000336364
2.75e-09 0.000731621
2.8e-09 0.00132451
2.85e-09 0.000731621
2.9e-09 0.00152213
2.95e-09 0.00231265
3e-09 0.00191739
3.05e-09 0.00152213
3.1e-09 0.00152213
3.15e-09 0.00171976
3.2e-09 0.00171976
3.25e-09 0.00171976
3.3e-09 0.00171976
3.35e-09 0.000533992
3.4e-09 -0.00045415
3.45e-09 -0.00045415
3.5e-09 -0.00223281
3.55e-09 -0.00223281
3.6e-09 -0.00104704
3.65e-09 -0.00163992
3.7e-09 -0.00124466
3.75e-09 -0.00124466
3.8e-09 -0.00282569
3.85e-09 -0.00183755
3.9e-09 -0.000849407
3.95e-09 -0.00124466
4e-09 -0.00163992
4.05e-09 -0.00262806
4.1e-09 -0.00243043
4.15e-09 -0.00203518
4.2e-09 -0.00203518
4.25e-09 -0.00104704
4.3e-09 -0.00183755
4.35e-09 -0.00183755
4.4e-09 -0.00163992
4.45e-09 -0.00243043
4.5e-09 -0.00163992
4.55e-09 -0.00144229
4.6e-09 -0.00104704
4.65e-09 -0.00104704
4.7e-09 -0.00183755
4.75e-09 -0.00104704
4.8e-09 -0.00163992
4.85e-09 -0.00282569
4.9e-09 -0.00163992
4.95e-09 -0.00183755
5e-09 -0.00223281
5.05e-09 -0.00163992
5.1e-09 -0.00282569
5.15e-09 -0.00361621
5.2e-09 -0.00420909
5.25e-09 -0.00559249
5.3e-09 -0.00539486
5.35e-09 -0.0049996
5.4e-09 -0.00559249
5.45e-09 -0.00480198
5.5e-09 -0.00440672
5.55e-09 -0.00539486
5.6e-09 -0.00539486
5.65e-09 -0.00539486
5.7e-09 -0.00420909
5.75e-09 -0.00341858
5.8e-09 -0.00401146
5.85e-09 -0.00480198
5.9e-09 -0.0049996
5.95e-09 -0.00579012
6e-09 -0.00717352
6.05e-09 -0.00677826
6.1e-09 -0.00697589
6.15e-09 -0.00658063
6.2e-09 -0.0049996
6.25e-09 -0.00598775
6.3e-09 -0.00519723
6.35e-09 -0.00440672
6.4e-09 -0.00559249
6.45e-09 -0.00341858
6.5e-09 -0.00420909
6.55e-09 -0.00480198
6.6e-09 -0.00361621
6.65e-09 -0.00401146
6.7e-09 -0.00322095
6.75e-09 -0.00302332
6.8e-09 -0.00341858
6.85e-09 -0.00341858
6.9e-09 -0.00381383
6.95e-09 -0.00282569
7e-09 -0.00223281
7.05e-09 -0.00203518
7.1e-09 -0.00163992
7.15e-09 -0.00262806
7.2e-09 -0.00420909
7.25e-09 -0.00361621
7.3e-09 -0.00341858
7.35e-09 -0.00539486
7.4e-09 -0.0049996
7.45e-09 -0.00401146
7.5e-09 -0.00480198
7.55e-09 -0.0049996
7.6e-09 -0.00401146
7.65e-09 -0.00302332
7.7e-09 -0.00223281
7.75e-09 -0.00144229
7.8e-09 -0.00163992
7.85e-09 -0.00243043
7.9e-09 -0.00203518
7.95e-09 -0.000849407
8e-09 -0.000256522
8.05e-09 0.000929249
8.1e-09 0.00211502
8.15e-09 0.00211502
8.2e-09 0.00191739
8.25e-09 0.00191739
8.3e-09 0.00251028
8.35e-09 0.00251028
8.4e-09 0.00251028
8.45e-09 0.00310316
8.5e-09 0.00191739
8.55e-09 0.00152213
8.6e-09 0.00132451
8.65e-09 0.000929249
8.7e-09 0.000533992
8.75e-09 0.000336364
8.8e-09 0.000138735
8.85e-09 -0.00045415
8.9e-09 -0.00045415
8.95e-09 -0.00124466
9e-09 -0.000849407
9.05e-09 0.000138735
9.1e-09 -5.88933e-05
9.15e-09 -5.88933e-05
9.2e-09 -5.88933e-05
9.25e-09 -0.000256522
9.3e-09 0.000138735
9.35e-09 -5.88933e-05
9.4e-09 -0.00045415
9.45e-09 -0.00163992
9.5e-09 -0.00144229
9.55e-09 -0.00045415
9.6e-09 -0.00045415
9.65e-09 0.000336364
9.7e-09 0.00112688
9.75e-09 0.00132451
9.8e-09 0.00231265
9.85e-09 0.00152213
9.9e-09 0.000929249
9.95e-09 0.00132451
1e-08 0.000533992
1.005e-08 0.000929249
1.01e-08 0.00152213
1.015e-08 0.00112688
1.02e-08 0.00132451
1.025e-08 0.00211502
1.03e-08 0.00290553
1.035e-08 0.0040913
1.04e-08 0.00428893
1.045e-08 0.00389368
1.05e-08 0.00448656
1.055e-08 0.00369605
1.06e-08 0.00310316
1.065e-08 0.00389368
1.07e-08 0.00369605
1.075e-08 0.00389368
1.08e-08 0.0040913
1.085e-08 0.00251028
1.09e-08 0.00152213
1.095e-08 0.000336364
1.1e-08 0.000336364
1.105e-08 0.00112688
1.11e-08 -5.88933e-05
1.115e-08 -0.000651779
1.12e-08 -0.00104704
1.125e-08 -0.00124466
1.13e-08 -0.000256522
1.135e-08 -0.00104704
1.14e-08 -0.00104704
1.145e-08 0.000533992
1.15e-08 -5.88933e-05
1.155e-08 -5.88933e-05
1.16e-08 -0.000651779
1.165e-08 -0.000849407
1.17e-08 -5.88933e-05
1.175e-08 -0.00104704
1.18e-08 -5.88933e-05
1.185e-08 0.000336364
1.19e-08 0.000138735
1.195e-08 0.00112688
1.2e-08 0.00152213
1.205e-08 0.00270791
1.21e-08 0.00211502
1.215e-08 0.00132451
1.22e-08 0.00152213
1.225e-08 0.00112688
1.23e-08 0.00191739
1.235e-08 0.00231265
1.24e-08 0.00251028
1.245e-08 0.00290553
1.25e-08 0.00310316
1.255e-08 0.00369605
1.26e-08 0.0040913
1.265e-08 0.00488182
1.27e-08 0.00448656
1.275e-08 0.00270791
1.28e-08 0.000929249
1.285e-08 -5.88933e-05
1.29e-08 -0.00045415
1.295e-08 -0.000256522
1.3e-08 0.00132451
1.305e-08 0.00191739
1.31e-08 0.00152213
1.315e-08 -5.88933e-05
1.32e-08 -0.00104704
1.325e-08 -0.00144229
1.33e-08 -0.00163992
1.335e-08 -0.000256522
1.34e-08 0.000138735
1.345e-08 -0.00124466
1.35e-08 -0.00243043
1.355e-08 -0.00262806
1.36e-08 -0.000651779
1.365e-08 -0.00045415
1.37e-08 -0.00163992
1.375e-08 -0.000651779
1.38e-08 -0.00144229
1.385e-08 -0.00144229
1.39e-08 -0.00124466
1.395e-08 -0.00203518
1.4e-08 -0.00045415
1.405e-08 -0.00124466
1.41e-08 -0.00183755
1.415e-08 -0.00163992
1.42e-08 -0.00144229
1.425e-08 0.000731621
1.43e-08 0.000731621
1.435e-08 0.000533992
1.44e-08 0.00132451
1.445e-08 0.000731621
1.45e-08 0.000336364
1.455e-08 0.000731621
1.46e-08 0.000533992
1.465e-08 0.000336364
1.47e-08 -5.88933e-05
1.475e-08 -0.000651779
1.48e-08 -0.00144229
1.485e-08 -0.00203518
1.49e-08 -0.00144229
1.495e-08 -0.00124466
1.5e-08 -0.00223281
1.505e-08 -0.00243043
1.51e-08 -0.00243043
1.515e-08 -0.00203518
1.52e-08 -0.00124466
1.525e-08 -0.00243043
1.53e-08 -0.00203518
1.535e-08 -0.00144229
1.54e-08 -0.00262806
1.545e-08 -0.00183755
1.55e-08 -0.00203518
1.555e-08 -0.00262806
1.56e-08 -0.00124466
1.565e-08 -0.00144229
1.57e-08 -0.00163992
1.575e-08 -0.00104704
1.58e-08 -0.00144229
1.585e-08 -0.00163992
1.59e-08 -0.00163992
1.595e-08 -0.00203518
1.6e-08 -0.00262806
1.605e-08 -0.00243043
1.61e-08 -0.00243043
1.615e-08 -0.00163992
1.62e-08 -0.000849407
1.625e-08 -0.000849407
1.63e-08 0.000336364
1.635e-08 0.000929249
1.64e-08 0.000138735
1.645e-08 -0.000849407
1.65e-08 -0.000849407
1.655e-08 -0.000849407
1.66e-08 -0.00104704
1.665e-08 -0.00124466
1.67e-08 -0.00203518
1.675e-08 -0.00163992
1.68e-08 -0.00243043
1.685e-08 -0.00282569
1.69e-08 -0.00203518
1.695e-08 -0.00243043
1.7e-08 -0.00223281
1.705e-08 -0.00282569
1.71e-08 -0.00361621
1.715e-08 -0.00361621
1.72e-08 -0.00480198
1.725e-08 -0.00440672
1.73e-08 -0.00341858
1.735e-08 -0.00322095
1.74e-08 -0.00401146
1.745e-08 -0.00480198
1.75e-08 -0.00401146
1.755e-08 -0.00302332
1.76e-08 -0.00243043
1.765e-08 -0.00183755
1.77e-08 -0.00163992
1.775e-08 -0.00203518
1.78e-08 -0.00144229
1.785e-08 -0.000651779
1.79e-08 0.000138735
1.795e-08 0.00112688
1.8e-08 0.00132451
1.805e-08 0.000533992
1.81e-08 -0.000256522
1.815e-08 -0.000256522
1.82e-08 -0.00045415
1.825e-08 -0.000651779
1.83e-08 0.000138735
1.835e-08 0.000336364
1.84e-08 -0.000849407
1.845e-08 -0.00124466
1.85e-08 -0.00223281
1.855e-08 -0.00302332
1.86e-08 -0.00183755
1.865e-08 -0.00124466
1.87e-08 -0.00163992
1.875e-08 -0.00045415
1.88e-08 -0.000651779
1.885e-08 -0.00124466
1.89e-08 -0.000651779
1.895e-08 -0.00045415
1.9e-08 0.000138735
1.905e-08 0.000336364
1.91e-08 0.000533992
1.915e-08 0.000138735
1.92e-08 -0.000651779
1.925e-08 0.000336364
1.93e-08 0.000929249
1.935e-08 0.000336364
1.94e-08 0.00171976
1.945e-08 0.00152213
1.95e-08 0.000336364
1.955e-08 0.000929249
1.96e-08 0.000533992
1.965e-08 0.000336364
1.97e-08 0.00171976
1.975e-08 0.00270791
1.98e-08 0.00290553
1.985e-08 0.00211502
1.99e-08 0.00231265
1.995e-08 0.00171976
2e-08 0.00152213
2.005e-08 0.00330079
2.01e-08 0.00330079
2.015e-08 0.00349842
2.02e-08 0.00369605
2.025e-08 0.00191739
2.03e-08 0.00152213
2.035e-08 0.000533992
2.04e-08 -5.88933e-05
2.045e-08 -5.88933e-05
2.05e-08 -0.000651779
2.055e-08 -0.000256522
2.06e-08 -0.000256522
2.065e-08 0.000138735
2.07e-08 0.000336364
2.075e-08 0.000336364
2.08e-08 0.000336364
2.085e-08 0.000336364
2.09e-08 0.000138735
2.095e-08 -0.000651779
2.1e-08 -0.00163992
2.105e-08 -0.00144229
2.11e-08 -0.00183755
2.115e-08 -0.00341858
2.12e-08 -0.00282569
2.125e-08 -0.00243043
2.13e-08 -0.00243043
2.135e-08 -0.00223281
2.14e-08 -0.00302332
2.145e-08 -0.00203518
2.15e-08 -0.00183755
2.155e-08 -0.00124466
2.16e-08 -5.88933e-05
2.165e-08 -0.00045415
2.17e-08 0.000336364
2.175e-08 0.00112688
2.18e-08 0.000138735
2.185e-08 -0.000256522
2.19e-08 -0.00045415
2.195e-08 -0.00163992
2.2e-08 -0.00183755
2.205e-08 -0.000651779
2.21e-08 -0.000651779
2.215e-08 -0.00045415
2.22e-08 0.000336364
2.225e-08 -5.88933e-05
2.23e-08 0.000336364
2.235e-08 0.000138735
2.24e-08 0.000138735
2.245e-08 -5.88933e-05
2.25e-08 -0.000651779
2.255e-08 0.000929249
2.26e-08 0.000731621
2.265e-08 0.000336364
2.27e-08 0.00191739
2.275e-08 0.00152213
2.28e-08 -5.88933e-05
2.285e-08 0.000336364
2.29e-08 0.000929249
2.295e-08 -0.000256522
2.3e-08 0.000138735
2.305e-08 0.000929249
2.31e-08 -0.000849407
2.315e-08 -0.00045415
2.32e-08 -5.88933e-05
2.325e-08 -0.000256522
2.33e-08 0.000929249
2.335e-08 -0.000651779
2.34e-08 -0.000256522
2.345e-08 0.00112688
2.35e-08 0.000336364
2.355e-08 0.00112688
2.36e-08 -5.88933e-05
2.365e-08 -0.00045415
2.37e-08 0.000336364
2.375e-08 -0.000651779
2.38e-08 -0.00124466
2.385e-08 -0.00163992
2.39e-08 -0.00203518
2.395e-08 -0.00144229
2.4e-08 -0.00104704
2.405e-08 -0.00144229
2.41e-08 -0.00144229
2.415e-08 -0.00203518
2.42e-08 -0.00223281
2.425e-08 -0.00163992
2.43e-08 -0.00243043
2.435e-08 -0.00243043
2.44e-08 -0.00144229
2.445e-08 -0.00163992
2.45e-08 -0.00302332
2.455e-08 -0.00420909
2.46e-08 -0.00401146
2.465e-08 -0.00401146
2.47e-08 -0.00322095
2.475e-08 -0.00183755
2.48e-08 -0.00262806
2.485e-08 -0.00262806
2.49e-08 -0.00322095
2.495e-08 -0.00420909
2.5e-08 -0.00381383
2.505e-08 -0.00401146
2.51e-08 -0.0049996
2.515e-08 -0.00559249
2.52e-08 -0.00539486
2.525e-08 -0.00420909
2.53e-08 -0.00381383
2.535e-08 -0.00322095
2.54e-08 -0.000849407
2.545e-08 0.000336364
2.55e-08 -0.00124466
2.555e-08 -0.00144229
2.56e-08 -0.00144229
2.565e-08 -0.00144229
2.57e-08 -0.000256522
2.575e-08 0.000138735
2.58e-08 0.000138735
2.585e-08 -0.000849407
2.59e-08 -0.000651779
2.595e-08 0.000336364
2.6e-08 0.000336364
2.605e-08 0.00191739
2.61e-08 0.00112688
2.615e-08 -0.000256522
2.62e-08 0.000138735
2.625e-08 -0.00104704
2.63e-08 -5.88933e-05
2.635e-08 0.000336364
2.64e-08 -0.00045415
2.645e-08 -0.000256522
2.65e-08 -0.000651779
2.655e-08 0.000336364
2.66e-08 0.000731621
2.665e-08 -0.000849407
2.67e-08 0.000336364
2.675e-08 0.000929249
2.68e-08 -0.00104704
2.685e-08 -0.00104704
2.69e-08 -0.00144229
2.695e-08 -0.00262806
2.7e-08 -0.00183755
2.705e-08 -0.00282569
2.71e-08 -0.00262806
2.715e-08 -0.00124466
2.72e-08 -0.000651779
2.725e-08 0.00171976
2.73e-08 0.00211502
2.735e-08 0.000929249
2.74e-08 0.000533992
2.745e-08 -0.000256522
2.75e-08 -5.88933e-05
2.755e-08 -0.000256522
2.76e-08 -0.000651779
2.765e-08 -0.000651779
2.77e-08 -5.88933e-05
2.775e-08 0.000533992
2.78e-08 -0.000256522
2.785e-08 -0.000849407
2.79e-08 -0.000651779
2.795e-08 -0.000256522
2.8e-08 -0.00104704
2.805e-08 -0.000849407
2.81e-08 -0.000256522
2.815e-08 -0.00183755
2.82e-08 -0.00203518
2.825e-08 -0.00104704
2.83e-08 -0.00104704
2.835e-08 -0.000256522
2.84e-08 -0.000256522
2.845e-08 -5.88933e-05
2.85e-08 0.000138735
2.855e-08 0.000731621
2.86e-08 0.00171976
2.865e-08 0.000731621
2.87e-08 -0.000849407
2.875e-08 0.000138735
2.88e-08 0.000731621
2.885e-08 -0.000256522
2.89e-08 -0.000256522
2.895e-08 -0.000256522
2.9e-08 -0.00124466
2.905e-08 -0.00144229
2.91e-08 -0.00183755
2.915e-08 -0.00322095
2.92e-08 -0.00302332
2.925e-08 -0.00262806
2.93e-08 -0.00262806
2.935e-08 -0.00163992
2.94e-08 -0.00124466
2.945e-08 -0.000256522
2.95e-08 0.000336364
2.955e-08 0.000336364
2.96e-08 -5.88933e-05
2.965e-08 -0.000256522
2.97e-08 0.000138735
2.975e-08 -5.88933e-05
2.98e-08 -5.88933e-05
2.985e-08 0.000533992
2.99e-08 0.000336364
2.995e-08 0.00112688
3e-08 0.00211502
3.005e-08 0.00171976
3.01e-08 0.00171976
3.015e-08 0.00152213
3.02e-08 0.00112688
3.025e-08 0.000731621
3.03e-08 0.000731621
3.035e-08 0.00112688
3.04e-08 0.000336364
3.045e-08 -0.00045415
3.05e-08 -0.000256522
3.055e-08 -0.00045415
3.06e-08 -0.00124466
3.065e-08 -0.00124466
3.07e-08 -0.00104704
3.075e-08 -0.00045415
3.08e-08 -0.000849407
3.085e-08 -0.00203518
3.09e-08 -0.00104704
3.095e-08 -0.00104704
3.1e-08 -5.88933e-05
3.105e-08 0.00112688
3.11e-08 0.000929249
3.115e-08 0.000533992
3.12e-08 -0.000256522
3.125e-08 -0.00104704
3.13e-08 -0.000849407
3.135e-08 0.000336364
3.14e-08 0.000731621
3.145e-08 0.000929249
3.15e-08 0.00211502
3.155e-08 0.000929249
3.16e-08 -5.88933e-05
3.165e-08 0.000336364
3.17e-08 0.000533992
3.175e-08 0.000533992
3.18e-08 -5.88933e-05
3.185e-08 0.000533992
3.19e-08 0.000533992
3.195e-08 0.00112688
3.2e-08 0.00231265
3.205e-08 0.00112688
3.21e-08 -5.88933e-05
3.215e-08 -0.000256522
3.22e-08 -0.00045415
3.225e-08 0.000138735
3.23e-08 0.000731621
3.235e-08 0.000533992
3.24e-08 0.000731621
3.245e-08 0.000731621
3.25e-08 0.000533992
3.255e-08 0.000533992
3.26e-08 -5.88933e-05
3.265e-08 0.000336364
3.27e-08 -0.000256522
3.275e-08 -0.00124466
3.28e-08 -0.00124466
3.285e-08 -0.00163992
3.29e-08 -0.00183755
3.295e-08 -0.00124466
3.3e-08 -0.00104704
3.305e-08 -0.00144229
3.31e-08 -0.00104704
3.315e-08 -0.00144229
3.32e-08 -0.00203518
3.325e-08 -0.00124466
3.33e-08 -0.000651779
3.335e-08 -0.00045415
3.34e-08 -5.88933e-05
3.345e-08 0.000138735
3.35e-08 -0.00045415
3.355e-08 -5.88933e-05
3.36e-08 0.000533992
3.365e-08 0.000138735
3.37e-08 0.00112688
3.375e-08 0.000533992
3.38e-08 -0.000849407
3.385e-08 -5.88933e-05
3.39e-08 -0.00104704
3.395e-08 -0.00124466
3.4e-08 -0.000256522
3.405e-08 -0.00262806
3.41e-08 -0.00243043
3.415e-08 -0.00124466
3.42e-08 -0.00381383
3.425e-08 -0.00401146
3.43e-08 -0.00341858
3.435e-08 -0.00341858
3.44e-08 -0.00223281
3.445e-08 -0.00302332
3.45e-08 -0.00223281
3.455e-08 -0.00183755
3.46e-08 -0.00223281
3.465e-08 -0.00183755
3.47e-08 -0.00223281
3.475e-08 -0.00183755
3.48e-08 -0.00144229
3.485e-08 -0.00124466
3.49e-08 -0.000256522
3.495e-08 -0.00045415
3.5e-08 -0.000256522
3.505e-08 0.000138735
3.51e-08 -0.000256522
3.515e-08 0.00112688
3.52e-08 0.00152213
3.525e-08 0.000336364
3.53e-08 0.000533992
3.535e-08 0.000731621
3.54e-08 -0.00243043
3.545e-08 -0.00855692
3.55e-08 -0.0140905
3.555e-08 -0.0180431
3.56e-08 -0.0198217
3.565e-08 -0.0198217
3.57e-08 -0.0200194
3.575e-08 -0.0200194
3.58e-08 -0.0219957
3.585e-08 -0.0245648
3.59e-08 -0.0245648
3.595e-08 -0.0243672
3.6e-08 -0.0233791
3.605e-08 -0.0208099
3.61e-08 -0.0204146
3.615e-08 -0.0214028
3.62e-08 -0.0229838
3.625e-08 -0.0235767
3.63e-08 -0.0221933
3.635e-08 -0.0212051
3.64e-08 -0.0196241
3.645e-08 -0.0188336
3.65e-08 -0.020217
3.655e-08 -0.020217
3.66e-08 -0.0196241
3.665e-08 -0.0194265
3.67e-08 -0.018636
3.675e-08 -0.0190312
3.68e-08 -0.0196241
3.685e-08 -0.0200194
3.69e-08 -0.020217
3.695e-08 -0.0194265
3.7e-08 -0.0176478
3.705e-08 -0.0166597
3.71e-08 -0.0160668
3.715e-08 -0.0152763
3.72e-08 -0.0156715
3.725e-08 -0.0144858
3.73e-08 -0.0131024
3.735e-08 -0.0133
3.74e-08 -0.0133
3.745e-08 -0.0131024
3.75e-08 -0.0131024
3.755e-08 -0.0133
3.76e-08 -0.0123119
3.765e-08 -0.0115213
3.77e-08 -0.0105332
3.775e-08 -0.00954506
3.78e-08 -0.00994032
3.785e-08 -0.0091498
3.79e-08 -0.00855692
3.795e-08 -0.0077664
3.8e-08 -0.00658063
3.805e-08 -0.006383
3.81e-08 -0.00677826
3.815e-08 -0.00737115
3.82e-08 -0.00717352
3.825e-08 -0.00658063
3.83e-08 -0.00598775
3.835e-08 -0.00480198
3.84e-08 -0.0049996
3.845e-08 -0.00539486
3.85e-08 -0.00480198
3.855e-08 -0.00618538
3.86e-08 -0.00559249
3.865e-08 -0.00519723
3.87e-08 -0.00598775
3.875e-08 -0.00420909
3.88e-08 -0.0049996
3.885e-08 -0.00559249
3.89e-08 -0.00460435
3.895e-08 -0.0049996
3.9e-08 -0.00401146
3.905e-08 -0.00341858
3.91e-08 -0.00262806
3.915e-08 -0.00163992
3.92e-08 -0.00203518
3.925e-08 -0.00163992
3.93e-08 -0.000849407
3.935e-08 -0.000651779
3.94e-08 -0.000256522
3.945e-08 -0.00163992
3.95e-08 -0.00262806
3.955e-08 -0.00144229
3.96e-08 -0.00124466
3.965e-08 -0.000849407
3.97e-08 -0.00104704
3.975e-08 -0.00124466
3.98e-08 -0.000849407
3.985e-08 -0.00124466
3.99e-08 -0.00104704
3.995e-08 -0.000651779
4e-08 -0.00045415
4.005e-08 -0.00104704
4.01e-08 -0.00144229
4.015e-08 -0.00045415
4.02e-08 -0.00045415
4.025e-08 0.000138735
4.03e-08 -0.00045415
4.035e-08 -0.000849407
4.04e-08 -0.000651779
4.045e-08 -0.00243043
4.05e-08 -0.00282569
4.055e-08 -0.00302332
4.06e-08 -0.00262806
4.065e-08 -0.00144229
4.07e-08 -0.00163992
4.075e-08 -0.00163992
4.08e-08 -0.00144229
4.085e-08 -0.00183755
4.09e-08 -0.00262806
4.095e-08 -0.00243043
4.1e-08 -0.00322095
4.105e-08 -0.00420909
4.11e-08 -0.00440672
4.115e-08 -0.00460435
4.12e-08 -0.00480198
4.125e-08 -0.00480198
4.13e-08 -0.00401146
4.135e-08 -0.00361621
4.14e-08 -0.00322095
4.145e-08 -0.00203518
4.15e-08 -0.000651779
4.155e-08 -0.000256522
4.16e-08 -0.00144229
4.165e-08 -0.00203518
4.17e-08 -0.00163992
4.175e-08 -0.00262806
4.18e-08 -0.00401146
4.185e-08 -0.00302332
4.19e-08 -0.00302332
4.195e-08 -0.00282569
4.2e-08 -0.00183755
4.205e-08 -0.00045415
4.21e-08 -0.00144229
4.215e-08 -0.00203518
4.22e-08 -0.00144229
4.225e-08 -0.00302332
4.23e-08 -0.00262806
4.235e-08 -0.00243043
4.24e-08 -0.00322095
4.245e-08 -0.00243043
4.25e-08 -0.00341858
4.255e-08 -0.00243043
4.26e-08 -0.00144229
4.265e-08 -0.00243043
4.27e-08 -5.88933e-05
4.275e-08 0.000731621
4.28e-08 -0.00045415
4.285e-08 0.000533992
4.29e-08 -0.00045415
4.295e-08 -0.000256522
4.3e-08 0.00171976
4.305e-08 0.00132451
4.31e-08 0.00211502
4.315e-08 0.00310316
4.32e-08 0.00211502
4.325e-08 0.00251028
4.33e-08 0.00251028
4.335e-08 0.00191739
4.34e-08 0.00290553
4.345e-08 0.00231265
4.35e-08 0.00132451
4.355e-08 0.00152213
4.36e-08 0.00132451
4.365e-08 0.000731621
4.37e-08 0.00152213
4.375e-08 0.00152213
4.38e-08 -0.000256522
4.385e-08 -0.00144229
4.39e-08 -0.00104704
4.395e-08 -0.00124466
4.4e-08 -0.00124466
4.405e-08 -0.000256522
4.41e-08 -0.000849407
4.415e-08 -0.00183755
