-1.87e-08 0.000130356
-1.865e-08 0.000125692
-1.86e-08 0.000115969
-1.855e-08 0.000116838
-1.85e-08 0.000141581
-1.845e-08 0.000143004
-1.84e-08 0.000144111
-1.835e-08 0.000149565
-1.83e-08 0.000145139
-1.825e-08 0.000159368
-1.82e-08 0.000147115
-1.815e-08 0.000142214
-1.81e-08 0.000140474
-1.805e-08 0.000141344
-1.8e-08 0.000161107
-1.795e-08 0.000158972
-1.79e-08 0.000159368
-1.785e-08 0.000158577
-1.78e-08 0.000157471
-1.775e-08 0.000154783
-1.77e-08 0.000152253
-1.765e-08 0.000148301
-1.76e-08 0.000131779
-1.755e-08 0.000133439
-1.75e-08 0.000128142
-1.745e-08 0.000120237
-1.74e-08 0.000114229
-1.735e-08 0.00011755
-1.73e-08 0.000139447
-1.725e-08 0.000133755
-1.72e-08 0.000138024
-1.715e-08 0.000165138
-1.71e-08 0.000163953
-1.705e-08 0.000159763
-1.7e-08 0.000166166
-1.695e-08 0.000183716
-1.69e-08 0.000198735
-1.685e-08 0.000176443
-1.68e-08 0.000165297
-1.675e-08 0.000165138
-1.67e-08 0.000166878
-1.665e-08 0.000168775
-1.66e-08 0.000162372
-1.655e-08 0.000165613
-1.65e-08 0.000155731
-1.645e-08 0.000145455
-1.64e-08 0.000142688
-1.635e-08 0.000148142
-1.63e-08 0.000148221
-1.625e-08 0.000147194
-1.62e-08 0.000150514
-1.615e-08 0.000140474
-1.61e-08 0.000140712
-1.605e-08 0.000153755
-1.6e-08 0.000172727
-1.595e-08 0.000165218
-1.59e-08 0.000154941
-1.585e-08 0.000172727
-1.58e-08 0.000153992
-1.575e-08 0.000154388
-1.57e-08 0.000161739
-1.565e-08 0.000141818
-1.56e-08 0.000132095
-1.555e-08 0.00014332
-1.55e-08 0.00012166
-1.545e-08 0.000120712
-1.54e-08 0.000127826
-1.535e-08 0.000110198
-1.53e-08 0.000123716
-1.525e-08 0.000142767
-1.52e-08 0.000125138
-1.515e-08 0.000119842
-1.51e-08 0.000152411
-1.505e-08 0.000167273
-1.5e-08 0.000152886
-1.495e-08 0.000152095
-1.49e-08 0.000168538
-1.485e-08 0.000161107
-1.48e-08 0.000152569
-1.475e-08 0.000164269
-1.47e-08 0.000151858
-1.465e-08 0.000152648
-1.46e-08 0.000179921
-1.455e-08 0.000155573
-1.45e-08 0.000157233
-1.445e-08 0.000154308
-1.44e-08 0.00012838
-1.435e-08 0.000148696
-1.43e-08 0.000131067
-1.425e-08 0.000130119
-1.42e-08 0.000147431
-1.415e-08 0.000127352
-1.41e-08 0.000146561
-1.405e-08 0.000151305
-1.4e-08 0.000139842
-1.395e-08 0.000155652
-1.39e-08 0.000152807
-1.385e-08 0.000161423
-1.38e-08 0.000147668
-1.375e-08 0.000154704
-1.37e-08 0.000176996
-1.365e-08 0.000152648
-1.36e-08 0.000164822
-1.355e-08 0.000165297
-1.35e-08 0.000152648
-1.345e-08 0.000166245
-1.34e-08 0.000160395
-1.335e-08 0.000161976
-1.33e-08 0.00015589
-1.325e-08 0.000161028
-1.32e-08 0.00017747
-1.315e-08 0.000172648
-1.31e-08 0.000146403
-1.305e-08 0.000137471
-1.3e-08 0.000151542
-1.295e-08 0.000154941
-1.29e-08 0.000152174
-1.285e-08 0.000154388
-1.28e-08 0.000145534
-1.275e-08 0.000138814
-1.27e-08 0.000138419
-1.265e-08 0.000127589
-1.26e-08 0.000123795
-1.255e-08 0.000124901
-1.25e-08 0.000121502
-1.245e-08 0.000140554
-1.24e-08 0.000148696
-1.235e-08 0.000160395
-1.23e-08 0.000182451
-1.225e-08 0.000182767
-1.22e-08 0.000192648
-1.215e-08 0.000182055
-1.21e-08 0.000169961
-1.205e-08 0.000184901
-1.2e-08 0.000177391
-1.195e-08 0.000196127
-1.19e-08 0.000208301
-1.185e-08 0.000175178
-1.18e-08 0.000184032
-1.175e-08 0.000177787
-1.17e-08 0.000178261
-1.165e-08 0.000192411
-1.16e-08 0.000169961
-1.155e-08 0.000173123
-1.15e-08 0.000178656
-1.145e-08 0.000166878
-1.14e-08 0.000174308
-1.135e-08 0.000175099
-1.13e-08 0.000168696
-1.125e-08 0.000188696
-1.12e-08 0.000167668
-1.115e-08 0.000151384
-1.11e-08 0.000163716
-1.105e-08 0.000152965
-1.1e-08 0.000156522
-1.095e-08 0.000151225
-1.09e-08 0.000141186
-1.085e-08 0.000149803
-1.08e-08 0.000169328
-1.075e-08 0.000169249
-1.07e-08 0.000178498
-1.065e-08 0.00017834
-1.06e-08 0.000168617
-1.055e-08 0.000163795
-1.05e-08 0.000170277
-1.045e-08 0.000159368
-1.04e-08 0.000159131
-1.035e-08 0.000160554
-1.03e-08 0.000149012
-1.025e-08 0.000166482
-1.02e-08 0.000170514
-1.015e-08 0.00015921
-1.01e-08 0.000190751
-1.005e-08 0.000192648
-1e-08 0.000186245
-9.95e-09 0.000195336
-9.9e-09 0.00020419
-9.85e-09 0.000213676
-9.8e-09 0.00020751
-9.75e-09 0.000187036
-9.7e-09 0.000186087
-9.65e-09 0.000204506
-9.6e-09 0.000195415
-9.55e-09 0.000218498
-9.5e-09 0.000230514
-9.45e-09 0.000211463
-9.4e-09 0.000234941
-9.35e-09 0.000230198
-9.3e-09 0.000215652
-9.25e-09 0.000231305
-9.2e-09 0.000232174
-9.15e-09 0.000215336
-9.1e-09 0.000222055
-9.05e-09 0.00023415
-9e-09 0.000208696
-8.95e-09 0.000219052
-8.9e-09 0.000227273
-8.85e-09 0.000215573
-8.8e-09 0.000232885
-8.75e-09 0.000245534
-8.7e-09 0.000237708
-8.65e-09 0.00023668
-8.6e-09 0.000230356
-8.55e-09 0.000228933
-8.5e-09 0.000243795
-8.45e-09 0.000221818
-8.4e-09 0.000217392
-8.35e-09 0.000214071
-8.3e-09 0.000215652
-8.25e-09 0.000236601
-8.2e-09 0.000225376
-8.15e-09 0.000226087
-8.1e-09 0.000223399
-8.05e-09 0.000207352
-8e-09 0.000229407
-7.95e-09 0.000235336
-7.9e-09 0.000217629
-7.85e-09 0.00022917
-7.8e-09 0.000235652
-7.75e-09 0.000216364
-7.7e-09 0.000217787
-7.65e-09 0.000226245
-7.6e-09 0.000221423
-7.55e-09 0.00024
-7.5e-09 0.000233518
-7.45e-09 0.000222372
-7.4e-09 0.00022917
-7.35e-09 0.000216443
-7.3e-09 0.000214783
-7.25e-09 0.000210909
-7.2e-09 0.000211067
-7.15e-09 0.000198893
-7.1e-09 0.000178024
-7.05e-09 0.000194308
-7e-09 0.000188142
-6.95e-09 0.000189565
-6.9e-09 0.000201107
-6.85e-09 0.000206719
-6.8e-09 0.000190435
-6.75e-09 0.000193123
-6.7e-09 0.00020917
-6.65e-09 0.000192253
-6.6e-09 0.000203478
-6.55e-09 0.000203083
-6.5e-09 0.000171463
-6.45e-09 0.000178103
-6.4e-09 0.000151621
-6.35e-09 0.000144269
-6.3e-09 0.000170593
-6.25e-09 0.000158577
-6.2e-09 0.000159289
-6.15e-09 0.00016751
-6.1e-09 0.000162451
-6.05e-09 0.000155178
-6e-09 0.000149961
-5.95e-09 0.000146799
-5.9e-09 0.000143637
-5.85e-09 0.000157629
-5.8e-09 0.000150909
-5.75e-09 0.000145376
-5.7e-09 0.000157312
-5.65e-09 0.000142767
-5.6e-09 0.00015249
-5.55e-09 0.000162451
-5.5e-09 0.000153992
-5.45e-09 0.000157312
-5.4e-09 0.000160791
-5.35e-09 0.000169012
-5.3e-09 0.00016498
-5.25e-09 0.000157233
-5.2e-09 0.000161502
-5.15e-09 0.000158656
-5.1e-09 0.000173913
-5.05e-09 0.000190909
-5e-09 0.000178893
-4.95e-09 0.000191937
-4.9e-09 0.000193202
-4.85e-09 0.000192569
-4.8e-09 0.000198893
-4.75e-09 0.000197154
-4.7e-09 0.000187431
-4.65e-09 0.000179368
-4.6e-09 0.00018419
-4.55e-09 0.000188696
-4.5e-09 0.000201739
-4.45e-09 0.000206008
-4.4e-09 0.000194546
-4.35e-09 0.000207826
-4.3e-09 0.000215652
-4.25e-09 0.000205376
-4.2e-09 0.000201423
-4.15e-09 0.000189961
-4.1e-09 0.000183795
-4.05e-09 0.000184111
-4e-09 0.000175257
-3.95e-09 0.000188617
-3.9e-09 0.000173518
-3.85e-09 0.000158577
-3.8e-09 0.000153281
-3.75e-09 0.00014664
-3.7e-09 0.00016253
-3.65e-09 0.000149486
-3.6e-09 0.000128933
-3.55e-09 0.000127668
-3.5e-09 0.000130514
-3.45e-09 0.000131937
-3.4e-09 0.000120633
-3.35e-09 0.000115652
-3.3e-09 0.000105771
-3.25e-09 0.000108775
-3.2e-09 0.000117866
-3.15e-09 0.00013502
-3.1e-09 0.000154704
-3.05e-09 0.000151067
-3e-09 0.000160474
-2.95e-09 0.000153281
-2.9e-09 0.000144664
-2.85e-09 0.000154229
-2.8e-09 0.000150435
-2.75e-09 0.000147352
-2.7e-09 0.000165218
-2.65e-09 0.000153597
-2.6e-09 0.000134387
-2.55e-09 0.000147984
-2.5e-09 0.000126482
-2.45e-09 0.000129565
-2.4e-09 0.00013004
-2.35e-09 0.000121581
-2.3e-09 0.000127905
-2.25e-09 0.000123795
-2.2e-09 0.000124269
-2.15e-09 0.000119131
-2.1e-09 0.000112569
-2.05e-09 0.000133044
-2e-09 0.000115573
-1.95e-09 0.000102055
-1.9e-09 0.000117945
-1.85e-09 0.000132095
-1.8e-09 0.000132648
-1.75e-09 0.00010838
-1.7e-09 0.000111621
-1.65e-09 0.000115652
-1.6e-09 0.000112253
-1.55e-09 0.000106245
-1.5e-09 0.000104743
-1.45e-09 0.000103004
-1.4e-09 0.000100712
-1.35e-09 0.000107273
-1.3e-09 0.000116601
-1.25e-09 0.000135336
-1.2e-09 0.000129723
-1.15e-09 0.000137866
-1.1e-09 0.000150593
-1.05e-09 0.00012838
-1e-09 0.000125297
-9.5e-10 0.000136364
-9e-10 0.000121818
-8.5e-10 0.000121423
-8e-10 0.000110119
-7.5e-10 0.000122767
-7e-10 0.000132806
-6.5e-10 0.000113834
-6e-10 0.000134071
-5.5e-10 0.000144664
-5e-10 0.000132569
-4.5e-10 0.000140474
-4e-10 0.000157312
-3.5e-10 0.000154467
-3e-10 0.000144585
-2.5e-10 0.000148933
-2e-10 0.000147194
-1.5e-10 0.000137312
-1e-10 0.000133755
-5e-11 0.000144664
0 0.000145376
5e-11 0.00014672
1e-10 0.000140791
1.5e-10 0.000119921
2e-10 0.000129407
2.5e-10 0.000145455
3e-10 0.000140474
3.5e-10 0.000137629
4e-10 0.000125139
4.5e-10 0.000119131
5e-10 0.000128854
5.5e-10 0.000124664
6e-10 0.000123795
6.5e-10 0.000120395
7e-10 0.000117233
7.5e-10 0.00013755
8e-10 0.000139289
8.5e-10 0.000130198
9e-10 0.000136522
9.5e-10 0.000135731
1e-09 0.000135336
1.05e-09 0.000129091
1.1e-09 0.000150751
1.15e-09 0.0001317
1.2e-09 0.000123636
1.25e-09 0.000132411
1.3e-09 0.00013004
1.35e-09 0.000124348
1.4e-09 0.000102451
1.45e-09 0.000101423
1.5e-09 0.000102293
1.55e-09 9.41504e-05
1.6e-09 8.49804e-05
1.65e-09 8.38737e-05
1.7e-09 7.73124e-05
1.75e-09 6.87748e-05
1.8e-09 8.32413e-05
1.85e-09 6.31622e-05
1.9e-09 4.61662e-05
1.95e-09 5.32017e-05
2e-09 3.96049e-05
2.05e-09 4.6087e-05
2.1e-09 5.13835e-05
2.15e-09 4.69567e-05
2.2e-09 5.66009e-05
2.25e-09 7.0514e-05
2.3e-09 6.25298e-05
2.35e-09 7.56523e-05
2.4e-09 8.97235e-05
2.45e-09 7.46247e-05
2.5e-09 9.06721e-05
2.55e-09 0.00011589
2.6e-09 9.39132e-05
2.65e-09 8.17393e-05
2.7e-09 8.47433e-05
2.75e-09 7.70752e-05
2.8e-09 8.22927e-05
2.85e-09 9.64429e-05
2.9e-09 8.67195e-05
2.95e-09 8.4427e-05
3e-09 8.82215e-05
3.05e-09 7.0514e-05
3.1e-09 7.93677e-05
3.15e-09 9.55733e-05
3.2e-09 9.30436e-05
3.25e-09 0.00011668
3.3e-09 0.000138814
3.35e-09 0.000146008
3.4e-09 0.000175494
3.45e-09 0.000212569
3.5e-09 0.00028
3.55e-09 0.000345929
3.6e-09 0.00029083
3.65e-09 -0.000303399
3.7e-09 -0.00223992
3.75e-09 -0.0057815
3.8e-09 -0.01019
3.85e-09 -0.0143696
3.9e-09 -0.0173928
3.95e-09 -0.0188864
4e-09 -0.0191892
4.05e-09 -0.0192503
4.1e-09 -0.0199882
4.15e-09 -0.0214074
4.2e-09 -0.0224926
4.25e-09 -0.0225889
4.3e-09 -0.0219606
4.35e-09 -0.0211999
4.4e-09 -0.0208493
4.45e-09 -0.0210979
4.5e-09 -0.0215362
4.55e-09 -0.0215365
4.6e-09 -0.0206991
4.65e-09 -0.0192145
4.7e-09 -0.0177783
4.75e-09 -0.0169577
4.8e-09 -0.0167463
4.85e-09 -0.0166886
4.9e-09 -0.0162594
4.95e-09 -0.0154643
5e-09 -0.0147286
5.05e-09 -0.0143984
5.1e-09 -0.0145323
5.15e-09 -0.0148032
5.2e-09 -0.0148317
5.25e-09 -0.0144743
5.3e-09 -0.0137655
5.35e-09 -0.0130326
5.4e-09 -0.0126455
5.45e-09 -0.0125602
5.5e-09 -0.0124659
5.55e-09 -0.0121489
5.6e-09 -0.0117295
5.65e-09 -0.0115111
5.7e-09 -0.0115008
5.75e-09 -0.011578
5.8e-09 -0.0115657
5.85e-09 -0.011325
5.9e-09 -0.0108329
5.95e-09 -0.0102029
6e-09 -0.00975028
6.05e-09 -0.00952047
6.1e-09 -0.00941518
6.15e-09 -0.00925739
6.2e-09 -0.00888585
6.25e-09 -0.00847051
6.3e-09 -0.00817755
6.35e-09 -0.00803905
6.4e-09 -0.00799399
6.45e-09 -0.00783423
6.5e-09 -0.00753565
6.55e-09 -0.00714624
6.6e-09 -0.00672032
6.65e-09 -0.00641739
6.7e-09 -0.00628538
6.75e-09 -0.00618482
6.8e-09 -0.00602474
6.85e-09 -0.00575439
6.9e-09 -0.00550166
6.95e-09 -0.00537486
7e-09 -0.00532743
7.05e-09 -0.00526087
7.1e-09 -0.00511644
7.15e-09 -0.00489146
7.2e-09 -0.00466814
7.25e-09 -0.00446435
7.3e-09 -0.00427004
7.35e-09 -0.00416498
7.4e-09 -0.00408427
7.45e-09 -0.00396
7.5e-09 -0.00378854
7.55e-09 -0.00362601
7.6e-09 -0.00357945
7.65e-09 -0.00356435
7.7e-09 -0.00346514
7.75e-09 -0.00332182
7.8e-09 -0.00315391
7.85e-09 -0.00300032
7.9e-09 -0.00288443
7.95e-09 -0.00279984
8e-09 -0.00274909
8.05e-09 -0.0026766
8.1e-09 -0.00258451
8.15e-09 -0.00247043
8.2e-09 -0.00237929
8.25e-09 -0.00234324
8.3e-09 -0.00234609
8.35e-09 -0.0022702
8.4e-09 -0.00210806
8.45e-09 -0.0020132
8.5e-09 -0.00194522
8.55e-09 -0.00186229
8.6e-09 -0.00179565
8.65e-09 -0.00171739
8.7e-09 -0.00169368
8.75e-09 -0.00162261
8.8e-09 -0.00151668
8.85e-09 -0.00150071
8.9e-09 -0.00149502
8.95e-09 -0.00147881
9e-09 -0.00140696
9.05e-09 -0.00130561
9.1e-09 -0.00124379
9.15e-09 -0.00117628
9.2e-09 -0.00113953
9.25e-09 -0.00110443
9.3e-09 -0.00107225
9.35e-09 -0.00102577
9.4e-09 -0.000964743
9.45e-09 -0.000933359
9.5e-09 -0.000849881
9.55e-09 -0.000797786
9.6e-09 -0.000785296
9.65e-09 -0.000706956
9.7e-09 -0.00064
9.75e-09 -0.000593122
9.8e-09 -0.000556601
9.85e-09 -0.000538103
9.9e-09 -0.000504269
9.95e-09 -0.000463083
1e-08 -0.000452727
1.005e-08 -0.000465296
1.01e-08 -0.000440869
1.015e-08 -0.000396601
1.02e-08 -0.000379605
1.025e-08 -0.000373122
1.03e-08 -0.000351146
1.035e-08 -0.000309091
1.04e-08 -0.000292727
1.045e-08 -0.000272648
1.05e-08 -0.000234229
1.055e-08 -0.000161265
1.06e-08 -8.83003e-05
1.065e-08 -6.77469e-05
1.07e-08 -7.82607e-05
1.075e-08 -8.74306e-05
1.08e-08 -9.58101e-05
1.085e-08 -0.000105612
1.09e-08 -0.000103873
1.095e-08 -8.69563e-05
1.1e-08 -3.7233e-05
1.105e-08 -6.0868e-06
1.11e-08 -2.22133e-05
1.115e-08 -2.14227e-05
1.12e-08 -7.88612e-08
1.125e-08 1.18579e-05
1.13e-08 2.66405e-05
1.135e-08 4.90121e-05
1.14e-08 5.27274e-05
1.145e-08 5.55734e-05
1.15e-08 5.62057e-05
1.155e-08 6.19765e-05
1.16e-08 9.63638e-05
1.165e-08 0.00012332
1.17e-08 0.000131384
1.175e-08 0.000149486
1.18e-08 0.00016
1.185e-08 0.000179842
1.19e-08 0.000205534
1.195e-08 0.000225929
1.2e-08 0.000206403
1.205e-08 0.000218577
1.21e-08 0.000250119
1.215e-08 0.000229328
1.22e-08 0.000250435
1.225e-08 0.000259447
1.23e-08 0.000265455
1.235e-08 0.000289803
1.24e-08 0.000297866
1.245e-08 0.000300079
1.25e-08 0.000319052
1.255e-08 0.000338656
1.26e-08 0.00033668
1.265e-08 0.000319052
1.27e-08 0.000325534
1.275e-08 0.000334704
1.28e-08 0.000336285
1.285e-08 0.000344111
1.29e-08 0.000366008
1.295e-08 0.000371463
1.3e-08 0.000372806
1.305e-08 0.000392727
1.31e-08 0.000395889
1.315e-08 0.000401739
1.32e-08 0.000425455
1.325e-08 0.000418498
1.33e-08 0.000412174
1.335e-08 0.000429249
1.34e-08 0.000439289
1.345e-08 0.000442293
1.35e-08 0.000440237
1.355e-08 0.000458103
1.36e-08 0.000480791
1.365e-08 0.000488459
1.37e-08 0.000492569
1.375e-08 0.000497866
1.38e-08 0.000504032
1.385e-08 0.000510751
1.39e-08 0.000521739
1.395e-08 0.000515494
1.4e-08 0.000513597
1.405e-08 0.000517471
1.41e-08 0.000519131
1.415e-08 0.000505929
1.42e-08 0.000494308
1.425e-08 0.000519842
1.43e-08 0.000531779
1.435e-08 0.000502767
1.44e-08 0.000484269
1.445e-08 0.000492411
1.45e-08 0.00048585
1.455e-08 0.000472095
1.46e-08 0.000476364
1.465e-08 0.000497154
1.47e-08 0.000499684
1.475e-08 0.000522688
1.48e-08 0.000515969
1.485e-08 0.000506166
1.49e-08 0.0005317
1.495e-08 0.000530751
1.5e-08 0.000529644
1.505e-08 0.000524269
1.51e-08 0.000536522
1.515e-08 0.00055921
1.52e-08 0.000556127
1.525e-08 0.000545218
1.53e-08 0.00055336
1.535e-08 0.000551067
1.54e-08 0.000561423
1.545e-08 0.000563083
1.55e-08 0.000542451
1.555e-08 0.000547826
1.56e-08 0.000568142
1.565e-08 0.000549565
1.57e-08 0.000529407
1.575e-08 0.000529961
1.58e-08 0.00052498
1.585e-08 0.000511067
1.59e-08 0.00050838
1.595e-08 0.00051747
1.6e-08 0.000510198
1.605e-08 0.000494467
1.61e-08 0.000508775
1.615e-08 0.000514467
1.62e-08 0.000500474
1.625e-08 0.000520474
1.63e-08 0.000508538
1.635e-08 0.000489723
1.64e-08 0.000506324
1.645e-08 0.000500316
1.65e-08 0.000520949
1.655e-08 0.000527115
1.66e-08 0.000519289
1.665e-08 0.000549328
1.67e-08 0.000535494
1.675e-08 0.000539684
1.68e-08 0.000572411
1.685e-08 0.00057581
1.69e-08 0.000581423
1.695e-08 0.000586878
1.7e-08 0.000571067
1.705e-08 0.000582451
1.71e-08 0.00058419
1.715e-08 0.00056332
1.72e-08 0.000572727
1.725e-08 0.000563004
1.73e-08 0.000548617
1.735e-08 0.00053502
1.74e-08 0.000546957
1.745e-08 0.000559526
1.75e-08 0.000561897
1.755e-08 0.000556601
1.76e-08 0.000540316
1.765e-08 0.000535573
1.77e-08 0.000541581
1.775e-08 0.000537154
1.78e-08 0.000555494
1.785e-08 0.000558893
1.79e-08 0.000542214
1.795e-08 0.000562293
1.8e-08 0.00055249
1.805e-08 0.000542846
1.81e-08 0.000564506
1.815e-08 0.000550672
1.82e-08 0.000562609
1.825e-08 0.000566878
1.83e-08 0.000561265
1.835e-08 0.000565929
1.84e-08 0.000561186
1.845e-08 0.000551542
1.85e-08 0.000553518
1.855e-08 0.000566166
1.86e-08 0.000564743
1.865e-08 0.000556838
1.87e-08 0.000563874
1.875e-08 0.000555969
1.88e-08 0.000564032
1.885e-08 0.000562925
1.89e-08 0.000566008
1.895e-08 0.000587194
1.9e-08 0.00056
1.905e-08 0.000569803
1.91e-08 0.000576601
1.915e-08 0.000557154
1.92e-08 0.000561739
1.925e-08 0.000561897
1.93e-08 0.000553281
1.935e-08 0.000531463
1.94e-08 0.000526245
1.945e-08 0.00053755
1.95e-08 0.000540395
1.955e-08 0.000552727
1.96e-08 0.000549882
1.965e-08 0.000548933
1.97e-08 0.000551542
1.975e-08 0.000562372
1.98e-08 0.000559368
1.985e-08 0.000528696
1.99e-08 0.000532253
1.995e-08 0.000555494
2e-08 0.000546087
2.005e-08 0.000566245
2.01e-08 0.000579131
2.015e-08 0.000575336
2.02e-08 0.000585376
2.025e-08 0.000564743
2.03e-08 0.000563637
2.035e-08 0.000574229
2.04e-08 0.000554704
2.045e-08 0.000554308
2.05e-08 0.000545218
2.055e-08 0.000555889
2.06e-08 0.000555257
2.065e-08 0.000550593
2.07e-08 0.000569882
2.075e-08 0.000568221
2.08e-08 0.000551858
2.085e-08 0.000552569
2.09e-08 0.00052498
2.095e-08 0.000541581
2.1e-08 0.00056751
2.105e-08 0.0005483
2.11e-08 0.000566878
2.115e-08 0.000566561
2.12e-08 0.000566245
2.125e-08 0.000582688
2.13e-08 0.000575257
2.135e-08 0.000580949
2.14e-08 0.000575889
2.145e-08 0.000572253
2.15e-08 0.000568933
2.155e-08 0.000547273
2.16e-08 0.000550435
2.165e-08 0.000544506
2.17e-08 0.00052585
2.175e-08 0.000543874
2.18e-08 0.000553755
2.185e-08 0.000552886
2.19e-08 0.000568063
2.195e-08 0.000568063
2.2e-08 0.00055921
2.205e-08 0.000565692
2.21e-08 0.000583795
2.215e-08 0.000587589
2.22e-08 0.000582372
2.225e-08 0.000602767
2.23e-08 0.000601265
2.235e-08 0.000593676
2.24e-08 0.000607036
2.245e-08 0.00060166
2.25e-08 0.00059581
2.255e-08 0.000598656
2.26e-08 0.000582372
2.265e-08 0.000587352
2.27e-08 0.00058506
2.275e-08 0.000570909
2.28e-08 0.000569012
2.285e-08 0.000568775
2.29e-08 0.000555494
2.295e-08 0.000547905
2.3e-08 0.000538973
2.305e-08 0.000540158
2.31e-08 0.000549723
2.315e-08 0.0005317
2.32e-08 0.000537233
2.325e-08 0.000533676
2.33e-08 0.000516048
2.335e-08 0.000524901
2.34e-08 0.000527273
2.345e-08 0.000534783
2.35e-08 0.000534467
2.355e-08 0.000549407
2.36e-08 0.000557787
2.365e-08 0.000543874
2.37e-08 0.000559763
2.375e-08 0.00055004
2.38e-08 0.000534546
2.385e-08 0.000541265
2.39e-08 0.000530751
2.395e-08 0.000526561
2.4e-08 0.000519842
2.405e-08 0.000517154
2.41e-08 0.000534783
2.415e-08 0.000545929
2.42e-08 0.000540633
2.425e-08 0.000541344
2.43e-08 0.000530119
2.435e-08 0.000534071
2.44e-08 0.00052917
2.445e-08 0.00051581
2.45e-08 0.000546878
2.455e-08 0.000547747
2.46e-08 0.000522688
2.465e-08 0.000535889
2.47e-08 0.000530909
2.475e-08 0.000529644
2.48e-08 0.000541028
2.485e-08 0.00052672
2.49e-08 0.000528142
2.495e-08 0.000534308
2.5e-08 0.000515731
2.505e-08 0.000523716
2.51e-08 0.000533281
2.515e-08 0.000525534
2.52e-08 0.000518656
2.525e-08 0.000529012
2.53e-08 0.000537708
2.535e-08 0.000525376
2.54e-08 0.000523083
2.545e-08 0.000532886
2.55e-08 0.000526403
2.555e-08 0.000526799
2.56e-08 0.000526561
2.565e-08 0.000508301
2.57e-08 0.000522451
2.575e-08 0.000509407
2.58e-08 0.000508301
2.585e-08 0.000523874
2.59e-08 0.000469882
2.595e-08 0.000474625
2.6e-08 0.000506324
2.605e-08 0.000481186
2.61e-08 0.000495494
2.615e-08 0.000509645
2.62e-08 0.000499763
2.625e-08 0.000507431
2.63e-08 0.000498498
2.635e-08 0.000514388
2.64e-08 0.000528222
2.645e-08 0.000516522
2.65e-08 0.000522609
2.655e-08 0.000531621
2.66e-08 0.000543241
2.665e-08 0.000548696
2.67e-08 0.000557312
2.675e-08 0.000552886
2.68e-08 0.000537629
2.685e-08 0.000561107
2.69e-08 0.000547668
2.695e-08 0.000547352
2.7e-08 0.00055834
2.705e-08 0.00052672
2.71e-08 0.000534862
2.715e-08 0.00056
2.72e-08 0.000551463
2.725e-08 0.000535336
2.73e-08 0.000534071
2.735e-08 0.00053083
2.74e-08 0.000520791
2.745e-08 0.000526799
2.75e-08 0.000538893
2.755e-08 0.00053083
2.76e-08 0.000520712
2.765e-08 0.000522451
2.77e-08 0.000528854
2.775e-08 0.000521186
2.78e-08 0.00051336
2.785e-08 0.000519842
2.79e-08 0.000527905
2.795e-08 0.000520079
2.8e-08 0.000526957
2.805e-08 0.000521581
2.81e-08 0.000511542
2.815e-08 0.000505613
2.82e-08 0.000509723
2.825e-08 0.000511937
2.83e-08 0.000499763
2.835e-08 0.000504032
2.84e-08 0.000503558
2.845e-08 0.000497154
2.85e-08 0.000517154
2.855e-08 0.000506561
2.86e-08 0.000516127
2.865e-08 0.000528459
2.87e-08 0.000497391
2.875e-08 0.000496127
2.88e-08 0.000511937
2.885e-08 0.000505218
2.89e-08 0.000511225
2.895e-08 0.000523795
2.9e-08 0.000532727
2.905e-08 0.000524743
2.91e-08 0.000509091
2.915e-08 0.000494941
2.92e-08 0.000503716
2.925e-08 0.000517708
2.93e-08 0.00049668
2.935e-08 0.000491304
2.94e-08 0.00050419
2.945e-08 0.000506561
2.95e-08 0.000499289
2.955e-08 0.000512174
2.96e-08 0.000512806
2.965e-08 0.000504506
2.97e-08 0.000508775
2.975e-08 0.000507747
2.98e-08 0.000515415
2.985e-08 0.00051581
2.99e-08 0.000502214
2.995e-08 0.000506957
3e-08 0.000518182
3.005e-08 0.000519526
3.01e-08 0.000506245
3.015e-08 0.000513834
3.02e-08 0.000513913
3.025e-08 0.000519763
3.03e-08 0.00052498
3.035e-08 0.000510356
3.04e-08 0.000505139
3.045e-08 0.000509723
3.05e-08 0.000512411
3.055e-08 0.000508538
3.06e-08 0.000507905
3.065e-08 0.000527905
3.07e-08 0.000532095
3.075e-08 0.000524348
3.08e-08 0.000524111
3.085e-08 0.000521344
3.09e-08 0.00051502
3.095e-08 0.000511937
3.1e-08 0.000518893
3.105e-08 0.000511146
3.11e-08 0.000498261
3.115e-08 0.000498735
3.12e-08 0.000499684
3.125e-08 0.000507352
