time	V(n004)
0.000000000000000e+000	1.856800e-019
9.999999837751590e-018	-3.144151e-013
1.999999967550318e-017	-5.434912e-013
3.999999935100636e-017	-8.443986e-013
7.999999870201272e-017	-1.113887e-012
1.599999974040254e-016	-1.178613e-012
3.199999948080509e-016	-1.136350e-012
6.399999896161018e-016	-1.225279e-012
1.279999979232204e-015	-1.602792e-012
2.559999958464407e-015	-1.849558e-012
1.023999983385763e-014	-1.012079e-012
1.023999983385763e-013	4.555457e-013
1.945599968432950e-013	1.548183e-012
2.867199953480137e-013	2.265833e-012
3.788799938527324e-013	2.608495e-012
4.710399923574510e-013	2.576170e-012
5.631999908621698e-013	2.168858e-012
6.553599893668882e-013	1.386558e-012
3.320411416419301e-012	4.225134e-012
5.985462843471714e-012	2.525217e-012
8.650514270524127e-012	-3.713193e-012
1.131556569757654e-011	-1.449010e-011
1.398061712462895e-011	-2.980549e-011
1.664566855168137e-011	-4.965938e-011
1.931071997873377e-011	-7.405176e-011
2.873929140730520e-011	-1.860076e-010
3.816786283587663e-011	-3.149923e-010
4.759643426444806e-011	-4.610061e-010
5.702500569301949e-011	-6.240487e-010
6.645357712159091e-011	-8.041204e-010
7.588214855016235e-011	-1.001221e-009
8.531071997873376e-011	-1.215350e-009
9.045357712159088e-011	-1.331888e-009
9.559643426444802e-011	-1.449725e-009
1.007392914073052e-010	-1.568859e-009
1.058821485501623e-010	-1.689291e-009
1.110250056930194e-010	-1.811022e-009
1.161678628358765e-010	-1.934051e-009
1.213107199787337e-010	-2.058378e-009
1.265964342644479e-010	-2.186019e-009
1.318821485501622e-010	-2.313265e-009
1.371678628358765e-010	-2.440118e-009
1.424535771215907e-010	-2.566577e-009
1.477392914073050e-010	-2.692643e-009
1.530250056930193e-010	-2.818315e-009
1.583107199787335e-010	-2.943593e-009
1.643107199787335e-010	-3.084437e-009
1.703107199787335e-010	-3.222858e-009
1.763107199787335e-010	-3.358856e-009
1.823107199787334e-010	-3.492429e-009
1.883107199787334e-010	-3.623579e-009
1.943107199787334e-010	-3.752305e-009
2.003107199787334e-010	-3.878607e-009
2.073107199787334e-010	-4.021425e-009
2.143107199787333e-010	-4.159211e-009
2.213107199787333e-010	-4.291965e-009
2.283107199787333e-010	-4.419686e-009
2.353107199787333e-010	-4.542375e-009
2.423107199787333e-010	-4.660032e-009
2.493107199787332e-010	-4.772656e-009
2.557392914073046e-010	-4.870546e-009
2.621678628358760e-010	-4.963576e-009
2.685964342644475e-010	-5.051747e-009
2.750250056930189e-010	-5.135059e-009
2.814535771215903e-010	-5.213511e-009
2.878821485501617e-010	-5.287104e-009
2.943107199787331e-010	-5.355837e-009
3.015964342644473e-010	-5.427951e-009
3.088821485501616e-010	-5.494100e-009
3.161678628358759e-010	-5.554284e-009
3.234535771215901e-010	-5.608502e-009
3.307392914073044e-010	-5.656756e-009
3.380250056930186e-010	-5.699044e-009
3.453107199787329e-010	-5.735367e-009
3.538821485501614e-010	-5.771674e-009
3.624535771215900e-010	-5.801525e-009
3.710250056930185e-010	-5.824919e-009
3.795964342644471e-010	-5.841856e-009
3.881678628358756e-010	-5.852337e-009
3.967392914073042e-010	-5.856360e-009
4.053107199787327e-010	-5.853928e-009
4.097392914073041e-010	-5.851016e-009
4.141678628358755e-010	-5.846884e-009
4.185964342644469e-010	-5.841531e-009
4.230250056930183e-010	-5.834958e-009
4.274535771215898e-010	-5.827165e-009
4.318821485501612e-010	-5.818151e-009
4.363107199787326e-010	-5.807917e-009
4.455964342644468e-010	-5.782446e-009
4.548821485501611e-010	-5.753796e-009
4.641678628358754e-010	-5.721967e-009
4.734535771215896e-010	-5.686959e-009
4.827392914073039e-010	-5.648772e-009
4.920250056930181e-010	-5.607407e-009
5.013107199787324e-010	-5.562862e-009
5.121678628358752e-010	-5.508636e-009
5.230250056930180e-010	-5.453988e-009
5.338821485501608e-010	-5.398918e-009
5.447392914073036e-010	-5.343425e-009
5.555964342644465e-010	-5.287509e-009
5.664535771215893e-010	-5.231171e-009
5.773107199787321e-010	-5.174410e-009
5.795964342644464e-010	-5.162745e-009
5.818821485501607e-010	-5.151191e-009
5.841678628358749e-010	-5.139749e-009
5.864535771215892e-010	-5.128419e-009
5.887392914073035e-010	-5.117200e-009
5.910250056930178e-010	-5.106094e-009
5.933107199787320e-010	-5.095099e-009
5.973107199787320e-010	-5.075944e-009
6.013107199787320e-010	-5.057015e-009
6.053107199787320e-010	-5.038310e-009
6.093107199787320e-010	-5.019832e-009
6.133107199787320e-010	-5.001578e-009
6.173107199787320e-010	-4.983550e-009
6.213107199787320e-010	-4.965747e-009
6.254535771215891e-010	-4.947754e-009
6.295964342644462e-010	-4.930173e-009
6.337392914073033e-010	-4.913006e-009
6.378821485501605e-010	-4.896250e-009
6.420250056930176e-010	-4.879908e-009
6.461678628358747e-010	-4.863978e-009
6.503107199787319e-010	-4.848461e-009
6.558821485501604e-010	-4.827335e-009
6.614535771215890e-010	-4.807014e-009
6.670250056930175e-010	-4.787497e-009
6.725964342644461e-010	-4.768785e-009
6.781678628358746e-010	-4.750878e-009
6.837392914073032e-010	-4.733775e-009
6.893107199787317e-010	-4.717477e-009
6.937392914073031e-010	-4.705119e-009
6.981678628358745e-010	-4.693270e-009
7.025964342644460e-010	-4.681930e-009
7.070250056930174e-010	-4.671099e-009
7.114535771215888e-010	-4.660777e-009
7.158821485501602e-010	-4.650964e-009
7.203107199787316e-010	-4.641660e-009
7.264535771215887e-010	-4.629807e-009
7.325964342644459e-010	-4.618766e-009
7.387392914073030e-010	-4.608537e-009
7.448821485501601e-010	-4.599121e-009
7.510250056930172e-010	-4.590516e-009
7.571678628358743e-010	-4.582723e-009
7.633107199787315e-010	-4.575743e-009
7.687392914073029e-010	-4.569937e-009
7.741678628358743e-010	-4.564849e-009
7.795964342644457e-010	-4.560480e-009
7.850250056930171e-010	-4.556830e-009
7.904535771215885e-010	-4.553899e-009
7.958821485501599e-010	-4.551686e-009
8.013107199787313e-010	-4.550191e-009
8.084535771215884e-010	-4.548522e-009
8.155964342644456e-010	-4.547529e-009
8.227392914073027e-010	-4.547210e-009
8.298821485501598e-010	-4.547567e-009
8.370250056930169e-010	-4.548599e-009
8.441678628358740e-010	-4.550306e-009
8.513107199787312e-010	-4.552689e-009
8.585964342644454e-010	-4.556915e-009
8.658821485501597e-010	-4.561443e-009
8.731678628358739e-010	-4.566273e-009
8.804535771215882e-010	-4.571405e-009
8.877392914073025e-010	-4.576839e-009
8.950250056930167e-010	-4.582575e-009
9.023107199787310e-010	-4.588613e-009
9.078821485501596e-010	-4.593515e-009
9.134535771215884e-010	-4.598566e-009
9.190250056930171e-010	-4.603763e-009
9.245964342644457e-010	-4.609109e-009
9.301678628358745e-010	-4.614603e-009
9.357392914073031e-010	-4.620244e-009
9.413107199787318e-010	-4.626034e-009
9.474535771215896e-010	-4.633217e-009
9.535964342644473e-010	-4.640260e-009
9.597392914073051e-010	-4.647162e-009
9.658821485501627e-010	-4.653925e-009
9.720250056930206e-010	-4.660547e-009
9.781678628358784e-010	-4.667030e-009
9.843107199787361e-010	-4.673371e-009
1.000000000000000e-009	-4.694802e-009
1.000100000000000e-009	-5.210338e-009
1.000300000000000e-009	-8.231242e-009
1.000600000000000e-009	-2.105267e-008
1.001000000000000e-009	-5.050426e-008
1.001120000000000e-009	-6.696946e-008
1.001280000000000e-009	-9.315121e-008
1.001600000000000e-009	-1.570404e-007
1.002240000000000e-009	-3.097544e-007
1.003240000000000e-009	-5.677720e-007
1.004240000000000e-009	-8.030843e-007
1.005240000000000e-009	-9.623600e-007
1.006240000000000e-009	-9.958521e-007
1.007240000000000e-009	-8.628523e-007
1.008240000000000e-009	-5.304136e-007
1.009240000000000e-009	1.271905e-008
1.010000000000000e-009	6.014232e-007
1.011000000000000e-009	1.554226e-006
1.011300000000000e-009	1.917809e-006
1.011600000000000e-009	2.315045e-006
1.012000000000000e-009	2.883053e-006
1.012280000000000e-009	3.340878e-006
1.012600000000000e-009	3.915275e-006
1.013240000000000e-009	5.194593e-006
1.014240000000000e-009	7.449843e-006
1.015240000000000e-009	9.983905e-006
1.016240000000000e-009	1.278607e-005
1.017240000000001e-009	1.582082e-005
1.018240000000001e-009	1.906082e-005
1.019240000000001e-009	2.248541e-005
1.020240000000001e-009	2.607904e-005
1.021240000000001e-009	2.982962e-005
1.022240000000001e-009	3.372699e-005
1.023240000000001e-009	3.776172e-005
1.024240000000001e-009	4.192434e-005
1.025240000000001e-009	4.620488e-005
1.026240000000001e-009	5.059289e-005
1.027240000000002e-009	5.507755e-005
1.028240000000002e-009	5.964798e-005
1.029240000000002e-009	6.429365e-005
1.030240000000002e-009	6.900459e-005
1.031240000000002e-009	7.377159e-005
1.032240000000002e-009	7.858635e-005
1.033240000000002e-009	8.344141e-005
1.034240000000002e-009	8.833008e-005
1.035240000000002e-009	9.324638e-005
1.036240000000002e-009	9.818484e-005
1.037240000000003e-009	1.031405e-004
1.038240000000003e-009	1.081086e-004
1.039240000000003e-009	1.130849e-004
1.040240000000003e-009	1.180653e-004
1.041240000000003e-009	1.230460e-004
1.042240000000003e-009	1.280234e-004
1.043240000000003e-009	1.329941e-004
1.044240000000003e-009	1.379552e-004
1.045240000000003e-009	1.429036e-004
1.046240000000003e-009	1.478367e-004
1.047240000000004e-009	1.527521e-004
1.048240000000004e-009	1.576473e-004
1.049240000000004e-009	1.625204e-004
1.050240000000004e-009	1.673693e-004
1.051240000000004e-009	1.721922e-004
1.052240000000004e-009	1.769873e-004
1.053240000000004e-009	1.817532e-004
1.054240000000004e-009	1.864884e-004
1.055240000000004e-009	1.911914e-004
1.056240000000004e-009	1.958612e-004
1.057240000000005e-009	2.004966e-004
1.058240000000005e-009	2.050965e-004
1.059240000000005e-009	2.096599e-004
1.060240000000005e-009	2.141859e-004
1.061240000000005e-009	2.186737e-004
1.062240000000005e-009	2.231225e-004
1.063240000000005e-009	2.275317e-004
1.064240000000005e-009	2.319004e-004
1.065240000000005e-009	2.362283e-004
1.066240000000005e-009	2.405147e-004
1.067240000000006e-009	2.447590e-004
1.068240000000006e-009	2.489609e-004
1.069240000000006e-009	2.531200e-004
1.070240000000006e-009	2.572357e-004
1.071240000000006e-009	2.613079e-004
1.072240000000006e-009	2.653361e-004
1.073240000000006e-009	2.693202e-004
1.074240000000006e-009	2.732598e-004
1.075240000000006e-009	2.771546e-004
1.076240000000006e-009	2.810046e-004
1.077240000000007e-009	2.848095e-004
1.078240000000007e-009	2.885692e-004
1.079240000000007e-009	2.922835e-004
1.080240000000007e-009	2.959523e-004
1.081240000000007e-009	2.995754e-004
1.082240000000007e-009	3.031529e-004
1.083240000000007e-009	3.066846e-004
1.084240000000007e-009	3.101706e-004
1.085240000000007e-009	3.136107e-004
1.086240000000007e-009	3.170048e-004
1.087240000000008e-009	3.203531e-004
1.088240000000008e-009	3.236555e-004
1.089240000000008e-009	3.269120e-004
1.090240000000008e-009	3.301226e-004
1.091240000000008e-009	3.332874e-004
1.092240000000008e-009	3.364063e-004
1.093240000000008e-009	3.394795e-004
1.094240000000008e-009	3.425070e-004
1.095240000000008e-009	3.454888e-004
1.096240000000008e-009	3.484251e-004
1.097240000000009e-009	3.513158e-004
1.098240000000009e-009	3.541612e-004
1.099240000000009e-009	3.569611e-004
1.100240000000009e-009	3.597159e-004
1.101240000000009e-009	3.624255e-004
1.102240000000009e-009	3.650900e-004
1.103240000000009e-009	3.677096e-004
1.104240000000009e-009	3.702845e-004
1.105240000000009e-009	3.728146e-004
1.106240000000009e-009	3.753002e-004
1.107240000000010e-009	3.777413e-004
1.108240000000010e-009	3.801381e-004
1.109240000000010e-009	3.824908e-004
1.110240000000010e-009	3.847994e-004
1.111240000000010e-009	3.870642e-004
1.112240000000010e-009	3.892852e-004
1.113240000000010e-009	3.914626e-004
1.114240000000010e-009	3.935966e-004
1.115240000000010e-009	3.956874e-004
1.116240000000010e-009	3.977350e-004
1.117240000000011e-009	3.997397e-004
1.118240000000011e-009	4.017016e-004
1.119240000000011e-009	4.036209e-004
1.120240000000011e-009	4.054977e-004
1.121240000000011e-009	4.073323e-004
1.122240000000011e-009	4.091248e-004
1.123240000000011e-009	4.108754e-004
1.124240000000011e-009	4.125842e-004
1.125240000000011e-009	4.142515e-004
1.126240000000011e-009	4.158774e-004
1.127240000000012e-009	4.174622e-004
1.128240000000012e-009	4.190059e-004
1.129240000000012e-009	4.205089e-004
1.130240000000012e-009	4.219712e-004
1.131240000000012e-009	4.233932e-004
1.132240000000012e-009	4.247749e-004
1.133240000000012e-009	4.261166e-004
1.134240000000012e-009	4.274184e-004
1.135240000000012e-009	4.286807e-004
1.136240000000012e-009	4.299035e-004
1.137240000000013e-009	4.310871e-004
1.138240000000013e-009	4.322317e-004
1.140240000000013e-009	4.344047e-004
1.142240000000013e-009	4.364241e-004
1.144240000000013e-009	4.382917e-004
1.146240000000013e-009	4.400091e-004
1.148240000000014e-009	4.415781e-004
1.150000000000000e-009	4.428396e-004
1.151000000000000e-009	4.435118e-004
1.151300000000000e-009	4.437036e-004
1.151600000000000e-009	4.438924e-004
1.152000000000000e-009	4.441409e-004
1.152040000000000e-009	4.441653e-004
1.152120000000000e-009	4.442138e-004
1.152280000000000e-009	4.443101e-004
1.152600000000000e-009	4.444993e-004
1.153240000000000e-009	4.448657e-004
1.154240000000000e-009	4.454118e-004
1.155240000000000e-009	4.459258e-004
1.158240000000001e-009	4.472581e-004
1.160240000000001e-009	4.479737e-004
1.162240000000001e-009	4.485534e-004
1.164240000000001e-009	4.489991e-004
1.167240000000002e-009	4.494203e-004
1.170240000000002e-009	4.495503e-004
1.173240000000002e-009	4.493955e-004
1.175240000000002e-009	4.491372e-004
1.176240000000003e-009	4.489622e-004
1.177240000000003e-009	4.487570e-004
1.178240000000003e-009	4.485218e-004
1.179240000000003e-009	4.482569e-004
1.180240000000003e-009	4.479624e-004
1.181240000000003e-009	4.476387e-004
1.182240000000003e-009	4.472859e-004
1.183240000000003e-009	4.469044e-004
1.184240000000003e-009	4.464942e-004
1.186240000000004e-009	4.455893e-004
1.187240000000004e-009	4.450949e-004
1.188240000000004e-009	4.445730e-004
1.189240000000004e-009	4.440237e-004
1.191240000000004e-009	4.428440e-004
1.192240000000004e-009	4.422141e-004
1.193240000000004e-009	4.415578e-004
1.194240000000004e-009	4.408753e-004
1.195240000000004e-009	4.401669e-004
1.196240000000005e-009	4.394329e-004
1.198240000000005e-009	4.378888e-004
1.203240000000005e-009	4.335963e-004
1.204240000000005e-009	4.326656e-004
1.205240000000005e-009	4.317114e-004
1.206240000000006e-009	4.307339e-004
1.207240000000006e-009	4.297335e-004
1.208240000000006e-009	4.287102e-004
1.209240000000006e-009	4.276645e-004
1.210240000000006e-009	4.265964e-004
1.211240000000006e-009	4.255063e-004
1.212240000000006e-009	4.243943e-004
1.213240000000006e-009	4.232608e-004
1.214240000000006e-009	4.221059e-004
1.215240000000006e-009	4.209300e-004
1.216240000000007e-009	4.197332e-004
1.217240000000007e-009	4.185157e-004
1.218240000000007e-009	4.172779e-004
1.219240000000007e-009	4.160199e-004
1.220240000000007e-009	4.147420e-004
1.221240000000007e-009	4.134444e-004
1.222240000000007e-009	4.121274e-004
1.223240000000007e-009	4.107912e-004
1.224240000000007e-009	4.094360e-004
1.225240000000007e-009	4.080621e-004
1.226240000000008e-009	4.066697e-004
1.227240000000008e-009	4.052590e-004
1.228240000000008e-009	4.038303e-004
1.229240000000008e-009	4.023838e-004
1.230240000000008e-009	4.009197e-004
1.231240000000008e-009	3.994383e-004
1.232240000000008e-009	3.979398e-004
1.235240000000008e-009	3.933439e-004
1.236240000000009e-009	3.917793e-004
1.237240000000009e-009	3.901988e-004
1.239240000000009e-009	3.869907e-004
1.241240000000009e-009	3.837215e-004
1.242240000000009e-009	3.820646e-004
1.243240000000009e-009	3.803931e-004
1.244240000000009e-009	3.787073e-004
1.245240000000009e-009	3.770073e-004
1.247240000000010e-009	3.735657e-004
1.249240000000010e-009	3.700703e-004
1.252240000000010e-009	3.647300e-004
1.254240000000010e-009	3.611076e-004
1.257240000000011e-009	3.555849e-004
1.258240000000011e-009	3.537211e-004
1.259240000000011e-009	3.518463e-004
1.260240000000011e-009	3.499606e-004
1.261240000000011e-009	3.480642e-004
1.262240000000011e-009	3.461574e-004
1.264240000000011e-009	3.423133e-004
1.267240000000012e-009	3.364741e-004
1.268240000000012e-009	3.345090e-004
1.269240000000012e-009	3.325350e-004
1.270240000000012e-009	3.305521e-004
1.271240000000012e-009	3.285607e-004
1.272240000000012e-009	3.265609e-004
1.273240000000012e-009	3.245529e-004
1.274240000000012e-009	3.225369e-004
1.275240000000012e-009	3.205132e-004
1.276240000000013e-009	3.184819e-004
1.277240000000013e-009	3.164432e-004
1.278240000000013e-009	3.143974e-004
1.280240000000013e-009	3.102849e-004
1.281240000000013e-009	3.082187e-004
1.282240000000013e-009	3.061460e-004
1.283240000000013e-009	3.040672e-004
1.284240000000013e-009	3.019823e-004
1.286240000000014e-009	2.977953e-004
1.287240000000014e-009	2.956935e-004
1.288240000000014e-009	2.935865e-004
1.289240000000014e-009	2.914744e-004
1.290240000000014e-009	2.893574e-004
1.293240000000014e-009	2.829788e-004
1.294240000000014e-009	2.808440e-004
1.295240000000014e-009	2.787053e-004
1.296240000000015e-009	2.765628e-004
1.297240000000015e-009	2.744166e-004
1.298240000000015e-009	2.722670e-004
1.300240000000015e-009	2.679581e-004
1.302240000000015e-009	2.636375e-004
1.303240000000015e-009	2.614733e-004
1.305240000000015e-009	2.571377e-004
1.306240000000016e-009	2.549668e-004
1.307240000000016e-009	2.527939e-004
1.308240000000016e-009	2.506193e-004
1.310240000000016e-009	2.462655e-004
1.312240000000016e-009	2.419067e-004
1.314240000000016e-009	2.375443e-004
1.317240000000017e-009	2.309964e-004
1.320240000000017e-009	2.244472e-004
1.321240000000017e-009	2.222642e-004
1.322240000000017e-009	2.200821e-004
1.323240000000017e-009	2.179008e-004
1.324240000000017e-009	2.157203e-004
1.325240000000017e-009	2.135407e-004
1.326240000000018e-009	2.113619e-004
1.327240000000018e-009	2.091839e-004
1.328240000000018e-009	2.070076e-004
1.330240000000018e-009	2.026597e-004
1.331240000000018e-009	2.004884e-004
1.332240000000018e-009	1.983189e-004
1.333240000000018e-009	1.961515e-004
1.334240000000018e-009	1.939863e-004
1.335240000000018e-009	1.918233e-004
1.336240000000019e-009	1.896629e-004
1.337240000000019e-009	1.875050e-004
1.339240000000019e-009	1.831975e-004
1.340240000000019e-009	1.810482e-004
1.341240000000019e-009	1.789019e-004
1.342240000000019e-009	1.767589e-004
1.343240000000019e-009	1.746193e-004
1.344240000000019e-009	1.724831e-004
1.345240000000019e-009	1.703506e-004
1.346240000000020e-009	1.682217e-004
1.347240000000020e-009	1.660967e-004
1.348240000000020e-009	1.639757e-004
1.349240000000020e-009	1.618588e-004
1.351240000000020e-009	1.576377e-004
1.353240000000020e-009	1.534344e-004
1.354240000000020e-009	1.513396e-004
1.355240000000020e-009	1.492497e-004
1.357240000000021e-009	1.450846e-004
1.359240000000021e-009	1.409399e-004
1.360240000000021e-009	1.388755e-004
1.361240000000021e-009	1.368165e-004
1.362240000000021e-009	1.347631e-004
1.363240000000021e-009	1.327153e-004
1.364240000000021e-009	1.306732e-004
1.365240000000021e-009	1.286370e-004
1.367240000000022e-009	1.245824e-004
1.368240000000022e-009	1.225642e-004
1.369240000000022e-009	1.205523e-004
1.370240000000022e-009	1.185467e-004
1.371240000000022e-009	1.165476e-004
1.372240000000022e-009	1.145549e-004
1.374240000000022e-009	1.105895e-004
1.375240000000022e-009	1.086169e-004
1.377240000000023e-009	1.046924e-004
1.380240000000023e-009	9.885864e-005
1.382240000000023e-009	9.500579e-005
1.384240000000023e-009	9.118274e-005
1.386240000000024e-009	8.739014e-005
1.388240000000024e-009	8.362858e-005
1.390240000000024e-009	7.989864e-005
1.391240000000024e-009	7.804573e-005
1.392240000000024e-009	7.620093e-005
1.393240000000024e-009	7.436433e-005
1.394240000000024e-009	7.253599e-005
1.395240000000024e-009	7.071597e-005
1.396240000000025e-009	6.890435e-005
1.398240000000025e-009	6.530654e-005
1.399240000000025e-009	6.352049e-005
1.400240000000025e-009	6.174308e-005
1.403240000000025e-009	5.646333e-005
1.406240000000026e-009	5.126352e-005
1.407240000000026e-009	4.954827e-005
1.410240000000026e-009	4.445736e-005
1.411240000000026e-009	4.277883e-005
1.412240000000026e-009	4.110961e-005
1.413240000000026e-009	3.944974e-005
1.414240000000026e-009	3.779927e-005
1.415240000000026e-009	3.615825e-005
1.416240000000027e-009	3.452672e-005
1.418240000000027e-009	3.129231e-005
1.420240000000027e-009	2.809639e-005
1.422240000000027e-009	2.493927e-005
1.423240000000027e-009	2.337537e-005
1.424240000000027e-009	2.182128e-005
1.425240000000027e-009	2.027705e-005
1.426240000000028e-009	1.874270e-005
1.427240000000028e-009	1.721828e-005
1.428240000000028e-009	1.570382e-005
1.429240000000028e-009	1.419935e-005
1.430240000000028e-009	1.270490e-005
1.431240000000028e-009	1.122050e-005
1.432240000000028e-009	9.746187e-006
1.434240000000028e-009	6.827918e-006
1.437240000000029e-009	2.526824e-006
1.440240000000029e-009	-1.682100e-006
1.441382857142886e-009	-3.261194e-006
1.442525714285743e-009	-4.826722e-006
1.443668571428601e-009	-6.378685e-006
1.444811428571458e-009	-7.917082e-006
1.445954285714315e-009	-9.441915e-006
1.447097142857172e-009	-1.095318e-005
1.448240000000030e-009	-1.245088e-005
1.449240000000030e-009	-1.375012e-005
1.450240000000030e-009	-1.503889e-005
1.451240000000030e-009	-1.631718e-005
1.452240000000030e-009	-1.758498e-005
1.453240000000030e-009	-1.884228e-005
1.454240000000030e-009	-2.008907e-005
1.455240000000030e-009	-2.132533e-005
1.458240000000031e-009	-2.497090e-005
1.461240000000031e-009	-2.852150e-005
1.462240000000031e-009	-2.968390e-005
1.464240000000031e-009	-3.197698e-005
1.465097142857174e-009	-3.294678e-005
1.465954285714317e-009	-3.390881e-005
1.466811428571460e-009	-3.486306e-005
1.467668571428603e-009	-3.580955e-005
1.468525714285746e-009	-3.674826e-005
1.469382857142889e-009	-3.767920e-005
1.470240000000032e-009	-3.860237e-005
1.472240000000032e-009	-4.072624e-005
1.473240000000032e-009	-4.177232e-005
1.475240000000032e-009	-4.383280e-005
1.478240000000033e-009	-4.684441e-005
1.479240000000033e-009	-4.782722e-005
1.480240000000033e-009	-4.879951e-005
1.481240000000033e-009	-4.976129e-005
1.482240000000033e-009	-5.071256e-005
1.483240000000033e-009	-5.165335e-005
1.484240000000033e-009	-5.258367e-005
1.485240000000033e-009	-5.350351e-005
1.486240000000034e-009	-5.441290e-005
1.487240000000034e-009	-5.531186e-005
1.488240000000034e-009	-5.620038e-005
1.490240000000034e-009	-5.794623e-005
1.493240000000034e-009	-6.048718e-005
1.494240000000034e-009	-6.131349e-005
1.495240000000034e-009	-6.212948e-005
1.496240000000035e-009	-6.293519e-005
1.498240000000035e-009	-6.451579e-005
1.499240000000035e-009	-6.529073e-005
1.500240000000035e-009	-6.605547e-005
1.501240000000035e-009	-6.681002e-005
1.502240000000035e-009	-6.755440e-005
1.503240000000035e-009	-6.828863e-005
1.505240000000035e-009	-6.972676e-005
1.507240000000036e-009	-7.112460e-005
1.509240000000036e-009	-7.248235e-005
1.510240000000036e-009	-7.314626e-005
1.512240000000036e-009	-7.444427e-005
1.513240000000036e-009	-7.507844e-005
1.514240000000036e-009	-7.570274e-005
1.515240000000036e-009	-7.631721e-005
1.516240000000037e-009	-7.692188e-005
1.517240000000037e-009	-7.751677e-005
1.518240000000037e-009	-7.810193e-005
1.521240000000037e-009	-7.979927e-005
1.524240000000037e-009	-8.141006e-005
1.526240000000038e-009	-8.243629e-005
1.528240000000038e-009	-8.342472e-005
1.531240000000038e-009	-8.483711e-005
1.532382857142895e-009	-8.535303e-005
1.533525714285753e-009	-8.585702e-005
1.534668571428610e-009	-8.634910e-005
1.535811428571467e-009	-8.682927e-005
1.536954285714324e-009	-8.729752e-005
1.538097142857182e-009	-8.775386e-005
1.539240000000039e-009	-8.819828e-005
1.541240000000039e-009	-8.894810e-005
1.542240000000039e-009	-8.930967e-005
1.543240000000039e-009	-8.966238e-005
1.544240000000039e-009	-9.000628e-005
1.546240000000040e-009	-9.066782e-005
1.547240000000040e-009	-9.098554e-005
1.550240000000040e-009	-9.188700e-005
1.551382857142897e-009	-9.221002e-005
1.552525714285754e-009	-9.252215e-005
1.553668571428612e-009	-9.282338e-005
1.554811428571469e-009	-9.311370e-005
1.555954285714326e-009	-9.339313e-005
1.557097142857183e-009	-9.366166e-005
1.558240000000041e-009	-9.391928e-005
1.559097142857184e-009	-9.410555e-005
1.559954285714327e-009	-9.428592e-005
1.560811428571470e-009	-9.446038e-005
1.561668571428613e-009	-9.462895e-005
1.562525714285755e-009	-9.479161e-005
1.563382857142899e-009	-9.494837e-005
1.564240000000041e-009	-9.509923e-005
1.566240000000042e-009	-9.542890e-005
1.568240000000042e-009	-9.572735e-005
1.571240000000042e-009	-9.611734e-005
1.572240000000042e-009	-9.623214e-005
1.573240000000042e-009	-9.633941e-005
1.574240000000042e-009	-9.643922e-005
1.575240000000042e-009	-9.653160e-005
1.576240000000043e-009	-9.661661e-005
1.577240000000043e-009	-9.669429e-005
1.578240000000043e-009	-9.676469e-005
1.583240000000043e-009	-9.700919e-005
1.584240000000043e-009	-9.703694e-005
1.585240000000043e-009	-9.705775e-005
1.587240000000044e-009	-9.707877e-005
1.588240000000044e-009	-9.707894e-005
1.589240000000044e-009	-9.707250e-005
1.590240000000044e-009	-9.705945e-005
1.591240000000044e-009	-9.703979e-005
1.592240000000044e-009	-9.701351e-005
1.593240000000044e-009	-9.698062e-005
1.594240000000044e-009	-9.694112e-005
1.595382857142902e-009	-9.688805e-005
1.596525714285759e-009	-9.682684e-005
1.597668571428616e-009	-9.675749e-005
1.598811428571473e-009	-9.668000e-005
1.599954285714331e-009	-9.659436e-005
1.601097142857188e-009	-9.650058e-005
1.602240000000045e-009	-9.639865e-005
1.604240000000045e-009	-9.620171e-005
1.606240000000046e-009	-9.598105e-005
1.608240000000046e-009	-9.573708e-005
1.610240000000046e-009	-9.547022e-005
1.612240000000046e-009	-9.518087e-005
1.614240000000046e-009	-9.486944e-005
1.617240000000047e-009	-9.436179e-005
1.618668571428618e-009	-9.410295e-005
1.620097142857190e-009	-9.383388e-005
1.621525714285761e-009	-9.355460e-005
1.622954285714333e-009	-9.326509e-005
1.624382857142905e-009	-9.296537e-005
1.625811428571476e-009	-9.265543e-005
1.627240000000048e-009	-9.233526e-005
1.632240000000048e-009	-9.114058e-005
1.634240000000048e-009	-9.063087e-005
1.635240000000048e-009	-9.036939e-005
1.636240000000049e-009	-9.010357e-005
1.639240000000049e-009	-8.928052e-005
1.641240000000049e-009	-8.871101e-005
1.642382857142906e-009	-8.837810e-005
1.643525714285764e-009	-8.804017e-005
1.644668571428621e-009	-8.769721e-005
1.645811428571478e-009	-8.734924e-005
1.646954285714335e-009	-8.699624e-005
1.648097142857193e-009	-8.663822e-005
1.649240000000050e-009	-8.627518e-005
1.651240000000050e-009	-8.562875e-005
1.653240000000050e-009	-8.496813e-005
1.655240000000050e-009	-8.429371e-005
1.657240000000051e-009	-8.360587e-005
1.657954285714336e-009	-8.335699e-005
1.658668571428622e-009	-8.310651e-005
1.659382857142908e-009	-8.285443e-005
1.660097142857194e-009	-8.260075e-005
1.660811428571480e-009	-8.234547e-005
1.661525714285765e-009	-8.208859e-005
1.662240000000051e-009	-8.183011e-005
1.664240000000051e-009	-8.109835e-005
1.666240000000052e-009	-8.035491e-005
1.669240000000052e-009	-7.921865e-005
1.672240000000052e-009	-7.805821e-005
1.673240000000052e-009	-7.766613e-005
1.674240000000052e-009	-7.727165e-005
1.675240000000052e-009	-7.687479e-005
1.676240000000053e-009	-7.647554e-005
1.677240000000053e-009	-7.607391e-005
1.678240000000053e-009	-7.566988e-005
1.679240000000053e-009	-7.526347e-005
1.682240000000053e-009	-7.403138e-005
1.683668571428625e-009	-7.343766e-005
1.685097142857196e-009	-7.284010e-005
1.686525714285768e-009	-7.223872e-005
1.687954285714339e-009	-7.163351e-005
1.689382857142911e-009	-7.102447e-005
1.690811428571483e-009	-7.041160e-005
1.692240000000054e-009	-6.979491e-005
1.694240000000054e-009	-6.892632e-005
1.696240000000055e-009	-6.805142e-005
1.699240000000055e-009	-6.672799e-005
1.702240000000055e-009	-6.539225e-005
1.703954285714341e-009	-6.462338e-005
1.705668571428627e-009	-6.385155e-005
1.707382857142913e-009	-6.307676e-005
1.709097142857199e-009	-6.229901e-005
1.710811428571485e-009	-6.151830e-005
1.712525714285770e-009	-6.073463e-005
1.714240000000056e-009	-5.994800e-005
1.715382857142914e-009	-5.942250e-005
1.716525714285771e-009	-5.889618e-005
1.717668571428628e-009	-5.836904e-005
1.718811428571485e-009	-5.784108e-005
1.719954285714343e-009	-5.731231e-005
1.721097142857200e-009	-5.678272e-005
1.722240000000057e-009	-5.625231e-005
1.724240000000057e-009	-5.532286e-005
1.726240000000058e-009	-5.439179e-005
1.729240000000058e-009	-5.299273e-005
1.730382857142915e-009	-5.245903e-005
1.731525714285772e-009	-5.192520e-005
1.732668571428630e-009	-5.139125e-005
1.733811428571487e-009	-5.085716e-005
1.734954285714344e-009	-5.032295e-005
1.736097142857201e-009	-4.978861e-005
1.737240000000059e-009	-4.925415e-005
1.739240000000059e-009	-4.831919e-005
1.741240000000059e-009	-4.738462e-005
1.744240000000059e-009	-4.598408e-005
1.745382857142917e-009	-4.545098e-005
1.746525714285774e-009	-4.491838e-005
1.747668571428631e-009	-4.438627e-005
1.748811428571488e-009	-4.385466e-005
1.749954285714346e-009	-4.332353e-005
1.751097142857203e-009	-4.279290e-005
1.752240000000060e-009	-4.226275e-005
1.754240000000060e-009	-4.133678e-005
1.756240000000061e-009	-4.041300e-005
1.759240000000061e-009	-3.903197e-005
1.761097142857204e-009	-3.817970e-005
1.762954285714347e-009	-3.733039e-005
1.764811428571490e-009	-3.648405e-005
1.766668571428633e-009	-3.564066e-005
1.768525714285776e-009	-3.480025e-005
1.770382857142919e-009	-3.396279e-005
1.772240000000062e-009	-3.312830e-005
1.773668571428634e-009	-3.248892e-005
1.775097142857205e-009	-3.185185e-005
1.776525714285777e-009	-3.121710e-005
1.777954285714348e-009	-3.058467e-005
1.779382857142920e-009	-2.995456e-005
1.780811428571492e-009	-2.932677e-005
1.782240000000063e-009	-2.870130e-005
1.784240000000063e-009	-2.783015e-005
1.785240000000063e-009	-2.739650e-005
1.786240000000064e-009	-2.696416e-005
1.788240000000064e-009	-2.610349e-005
1.789954285714350e-009	-2.536990e-005
1.791668571428636e-009	-2.464066e-005
1.793382857142922e-009	-2.391579e-005
1.795097142857207e-009	-2.319529e-005
1.796811428571493e-009	-2.247914e-005
1.798525714285779e-009	-2.176736e-005
1.800240000000065e-009	-2.105995e-005
1.801811428571494e-009	-2.041565e-005
1.803382857142923e-009	-1.977550e-005
1.804954285714351e-009	-1.913950e-005
1.806525714285780e-009	-1.850766e-005
1.808097142857209e-009	-1.787997e-005
1.809668571428637e-009	-1.725643e-005
1.811240000000066e-009	-1.663704e-005
1.816240000000067e-009	-1.469601e-005
1.817382857142924e-009	-1.425867e-005
1.818525714285781e-009	-1.382381e-005
1.819668571428638e-009	-1.339140e-005
1.820811428571496e-009	-1.296145e-005
1.821954285714353e-009	-1.253397e-005
1.823097142857210e-009	-1.210896e-005
1.824240000000067e-009	-1.168640e-005
1.825525714285782e-009	-1.121404e-005
1.826811428571496e-009	-1.074496e-005
1.828097142857211e-009	-1.027916e-005
1.829382857142925e-009	-9.816636e-006
1.830668571428639e-009	-9.357391e-006
1.831954285714354e-009	-8.901425e-006
1.833240000000068e-009	-8.448736e-006
1.834382857142926e-009	-8.049178e-006
1.835525714285783e-009	-7.652317e-006
1.836668571428640e-009	-7.258153e-006
1.837811428571497e-009	-6.866687e-006
1.838954285714355e-009	-6.477919e-006
1.840097142857212e-009	-6.091848e-006
1.841240000000069e-009	-5.708475e-006
1.844240000000069e-009	-4.715278e-006
1.845240000000069e-009	-4.388446e-006
1.846240000000070e-009	-4.063741e-006
1.847240000000070e-009	-3.741173e-006
1.848240000000070e-009	-3.420748e-006
1.849097142857213e-009	-3.147798e-006
1.849954285714356e-009	-2.876442e-006
1.850811428571499e-009	-2.606678e-006
1.851668571428642e-009	-2.338506e-006
1.852525714285784e-009	-2.071927e-006
1.853382857142928e-009	-1.806941e-006
1.854240000000070e-009	-1.543547e-006
1.856240000000071e-009	-9.352309e-007
1.859240000000071e-009	-3.923046e-008
1.862240000000071e-009	8.368909e-007
1.865240000000071e-009	1.693022e-006
1.868240000000071e-009	2.529068e-006
1.869668571428642e-009	2.920116e-006
1.871097142857213e-009	3.306568e-006
1.872525714285784e-009	3.688424e-006
1.873954285714356e-009	4.065683e-006
1.875382857142927e-009	4.438347e-006
1.876811428571498e-009	4.806414e-006
1.878240000000069e-009	5.169886e-006
1.879668571428641e-009	5.528735e-006
1.881097142857212e-009	5.882968e-006
1.882525714285783e-009	6.232584e-006
1.883954285714355e-009	6.577583e-006
1.885382857142926e-009	6.917964e-006
1.886811428571497e-009	7.253729e-006
1.888240000000068e-009	7.584877e-006
1.890240000000068e-009	8.040729e-006
1.892240000000068e-009	8.487539e-006
1.894240000000068e-009	8.925316e-006
1.896240000000068e-009	9.354072e-006
1.899240000000067e-009	9.980317e-006
1.901240000000067e-009	1.038658e-005
1.903240000000067e-009	1.078387e-005
1.904240000000067e-009	1.097917e-005
1.905240000000067e-009	1.117222e-005
1.906240000000066e-009	1.136305e-005
1.907240000000066e-009	1.155165e-005
1.909240000000066e-009	1.192218e-005
1.910525714285780e-009	1.215567e-005
1.911811428571494e-009	1.238552e-005
1.913097142857208e-009	1.261174e-005
1.914382857142923e-009	1.283431e-005
1.915668571428637e-009	1.305326e-005
1.916954285714351e-009	1.326856e-005
1.918240000000065e-009	1.348023e-005
1.920954285714351e-009	1.391503e-005
1.923668571428636e-009	1.433413e-005
1.926382857142922e-009	1.473754e-005
1.929097142857207e-009	1.512525e-005
1.931811428571492e-009	1.549728e-005
1.934525714285778e-009	1.585360e-005
1.937240000000063e-009	1.619423e-005
1.939097142857206e-009	1.641858e-005
1.940954285714349e-009	1.663594e-005
1.942811428571491e-009	1.684630e-005
1.944668571428634e-009	1.704969e-005
1.946525714285776e-009	1.724608e-005
1.948382857142919e-009	1.743548e-005
1.950240000000062e-009	1.761789e-005
1.951811428571490e-009	1.776694e-005
1.953382857142919e-009	1.791121e-005
1.954954285714347e-009	1.805070e-005
1.956525714285775e-009	1.818542e-005
1.958097142857204e-009	1.831537e-005
1.959668571428632e-009	1.844055e-005
1.961240000000061e-009	1.856095e-005
1.962240000000060e-009	1.863517e-005
1.963240000000060e-009	1.870754e-005
1.964240000000060e-009	1.877805e-005
1.965240000000060e-009	1.884670e-005
1.966240000000060e-009	1.891350e-005
1.967240000000060e-009	1.897845e-005
1.968240000000060e-009	1.904153e-005
1.971240000000060e-009	1.921995e-005
1.974240000000059e-009	1.938220e-005
1.977240000000059e-009	1.952853e-005
1.980240000000059e-009	1.965920e-005
1.983240000000058e-009	1.977446e-005
1.986240000000058e-009	1.987460e-005
1.987668571428629e-009	1.991697e-005
1.989097142857200e-009	1.995607e-005
1.990525714285772e-009	1.999190e-005
1.991954285714343e-009	2.002446e-005
1.993382857142914e-009	2.005376e-005
1.994811428571486e-009	2.007979e-005
1.996240000000057e-009	2.010256e-005
1.997954285714343e-009	2.012566e-005
1.999668571428628e-009	2.014439e-005
2.001382857142914e-009	2.015875e-005
2.003097142857199e-009	2.016875e-005
2.004811428571485e-009	2.017438e-005
2.006525714285770e-009	2.017563e-005
2.008240000000056e-009	2.017252e-005
2.009240000000055e-009	2.016885e-005
2.011525714285769e-009	2.015485e-005
2.013811428571484e-009	2.013392e-005
2.016097142857197e-009	2.010607e-005
2.018382857142912e-009	2.007128e-005
2.020668571428626e-009	2.002958e-005
2.022954285714340e-009	1.998094e-005
2.025240000000054e-009	1.992538e-005
2.026954285714339e-009	1.987957e-005
2.028668571428625e-009	1.983030e-005
2.030382857142910e-009	1.977759e-005
2.032097142857196e-009	1.972143e-005
2.033811428571481e-009	1.966182e-005
2.035525714285767e-009	1.959877e-005
2.037240000000052e-009	1.953227e-005
2.039382857142909e-009	1.944448e-005
2.041525714285766e-009	1.935198e-005
2.043668571428623e-009	1.925477e-005
2.045811428571480e-009	1.915285e-005
2.047954285714337e-009	1.904623e-005
2.050097142857194e-009	1.893490e-005
2.052240000000051e-009	1.881886e-005
2.054382857142908e-009	1.869849e-005
2.056525714285765e-009	1.857415e-005
2.058668571428622e-009	1.844585e-005
2.060811428571479e-009	1.831359e-005
2.062954285714336e-009	1.817736e-005
2.065097142857192e-009	1.803717e-005
2.067240000000049e-009	1.789301e-005
2.069382857142906e-009	1.774527e-005
2.071525714285763e-009	1.759429e-005
2.073668571428620e-009	1.744006e-005
2.075811428571477e-009	1.728260e-005
2.077954285714334e-009	1.712190e-005
2.080097142857191e-009	1.695796e-005
2.082240000000048e-009	1.679079e-005
2.084668571428619e-009	1.659777e-005
2.087097142857190e-009	1.640155e-005
2.089525714285761e-009	1.620212e-005
2.091954285714333e-009	1.599949e-005
2.094382857142904e-009	1.579365e-005
2.096811428571475e-009	1.558460e-005
2.099240000000046e-009	1.537235e-005
2.101954285714331e-009	1.513185e-005
2.104668571428617e-009	1.488861e-005
2.107382857142902e-009	1.464263e-005
2.110097142857187e-009	1.439390e-005
2.112811428571473e-009	1.414243e-005
2.115525714285758e-009	1.388822e-005
2.118240000000044e-009	1.363127e-005
2.121668571428615e-009	1.330344e-005
2.125097142857186e-009	1.297343e-005
2.128525714285757e-009	1.264124e-005
2.131954285714328e-009	1.230686e-005
2.135382857142899e-009	1.197031e-005
2.138811428571470e-009	1.163157e-005
2.142240000000041e-009	1.129066e-005
2.144954285714327e-009	1.102029e-005
2.147668571428612e-009	1.074977e-005
2.150382857142898e-009	1.047911e-005
2.153097142857183e-009	1.020829e-005
2.155811428571468e-009	9.937324e-006
2.158525714285754e-009	9.666209e-006
2.161240000000039e-009	9.394946e-006
2.165097142857182e-009	9.009714e-006
2.168954285714324e-009	8.626412e-006
2.172811428571467e-009	8.245040e-006
2.176668571428609e-009	7.865597e-006
2.180525714285751e-009	7.488083e-006
2.184382857142894e-009	7.112499e-006
2.188240000000036e-009	6.738844e-006
2.193525714285750e-009	6.231367e-006
2.198811428571464e-009	5.732042e-006
2.204097142857177e-009	5.240870e-006
2.209382857142891e-009	4.757850e-006
2.214668571428605e-009	4.282982e-006
2.219954285714319e-009	3.816267e-006
2.225240000000032e-009	3.357704e-006
2.230097142857175e-009	2.945915e-006
2.234954285714317e-009	2.543827e-006
2.239811428571459e-009	2.151439e-006
2.244668571428602e-009	1.768751e-006
2.249525714285744e-009	1.395764e-006
2.254382857142887e-009	1.032477e-006
2.259240000000029e-009	6.788910e-007
2.261811428571457e-009	4.962663e-007
2.264382857142885e-009	3.166914e-007
2.266954285714314e-009	1.401664e-007
2.269525714285742e-009	-3.330888e-008
2.272097142857170e-009	-2.037343e-007
2.274668571428598e-009	-3.711099e-007
2.277240000000027e-009	-5.354357e-007
2.280954285714312e-009	-7.672715e-007
2.284668571428597e-009	-9.924820e-007
2.288382857142883e-009	-1.211067e-006
2.292097142857168e-009	-1.423027e-006
2.295811428571453e-009	-1.628361e-006
2.299525714285739e-009	-1.827070e-006
2.303240000000024e-009	-2.019153e-006
2.307525714285738e-009	-2.232356e-006
2.311811428571452e-009	-2.436758e-006
2.316097142857165e-009	-2.632360e-006
2.320382857142879e-009	-2.819161e-006
2.324668571428593e-009	-2.997161e-006
2.328954285714307e-009	-3.166361e-006
2.333240000000021e-009	-3.326759e-006
2.336811428571449e-009	-3.453793e-006
2.340382857142877e-009	-3.575016e-006
2.343954285714306e-009	-3.690428e-006
2.347525714285733e-009	-3.800030e-006
2.351097142857162e-009	-3.903821e-006
2.354668571428590e-009	-4.001802e-006
2.358240000000018e-009	-4.093973e-006
2.363097142857160e-009	-4.210045e-006
2.367954285714303e-009	-4.316429e-006
2.372811428571445e-009	-4.413124e-006
2.377668571428587e-009	-4.500131e-006
2.382525714285730e-009	-4.577449e-006
2.387382857142872e-009	-4.645079e-006
2.392240000000015e-009	-4.703020e-006
2.397668571428585e-009	-4.756928e-006
2.403097142857156e-009	-4.800866e-006
2.408525714285727e-009	-4.834835e-006
2.413954285714298e-009	-4.858834e-006
2.419382857142869e-009	-4.872863e-006
2.424811428571440e-009	-4.876923e-006
2.430240000000010e-009	-4.871014e-006
2.435811428571439e-009	-4.855788e-006
2.441382857142867e-009	-4.832793e-006
2.446954285714295e-009	-4.802029e-006
2.452525714285722e-009	-4.763494e-006
2.458097142857150e-009	-4.717190e-006
2.463668571428578e-009	-4.663115e-006
2.469240000000006e-009	-4.601271e-006
2.475097142857148e-009	-4.529345e-006
2.480954285714291e-009	-4.451986e-006
2.486811428571433e-009	-4.369195e-006
2.492668571428575e-009	-4.280973e-006
2.498525714285717e-009	-4.187319e-006
2.504382857142860e-009	-4.088233e-006
2.510240000000002e-009	-3.983715e-006
2.515954285714287e-009	-3.878158e-006
2.521668571428572e-009	-3.770196e-006
2.527382857142857e-009	-3.659829e-006
2.533097142857142e-009	-3.547056e-006
2.538811428571427e-009	-3.431877e-006
2.544525714285712e-009	-3.314294e-006
2.550239999999998e-009	-3.194305e-006
2.556097142857140e-009	-3.070211e-006
2.561954285714282e-009	-2.945992e-006
2.567811428571424e-009	-2.821648e-006
2.573668571428567e-009	-2.697179e-006
2.579525714285709e-009	-2.572585e-006
2.585382857142851e-009	-2.447867e-006
2.591239999999993e-009	-2.323023e-006
2.596811428571421e-009	-2.205315e-006
2.602382857142849e-009	-2.089101e-006
2.607954285714277e-009	-1.974383e-006
2.613525714285705e-009	-1.861160e-006
2.619097142857133e-009	-1.749432e-006
2.624668571428561e-009	-1.639200e-006
2.630239999999989e-009	-1.530462e-006
2.636097142857131e-009	-1.418545e-006
2.641954285714274e-009	-1.309442e-006
2.647811428571416e-009	-1.203153e-006
2.653668571428558e-009	-1.099679e-006
2.659525714285700e-009	-9.990195e-007
2.665382857142843e-009	-9.011742e-007
2.671239999999985e-009	-8.061434e-007
2.677668571428555e-009	-7.056962e-007
2.684097142857126e-009	-6.093832e-007
2.690525714285697e-009	-5.172044e-007
2.696954285714268e-009	-4.291597e-007
2.703382857142839e-009	-3.452491e-007
2.709811428571409e-009	-2.654727e-007
2.716239999999980e-009	-1.898305e-007
2.721525714285693e-009	-1.309684e-007
2.726811428571407e-009	-7.497085e-008
2.732097142857121e-009	-2.183772e-008
2.737382857142835e-009	2.843095e-008
2.742668571428548e-009	7.583517e-008
2.747954285714262e-009	1.203749e-007
2.753239999999976e-009	1.620502e-007
2.757668571428547e-009	1.947900e-007
2.762097142857118e-009	2.256456e-007
2.766525714285689e-009	2.546169e-007
2.770954285714260e-009	2.817041e-007
2.775382857142831e-009	3.069070e-007
2.779811428571402e-009	3.302258e-007
2.784239999999973e-009	3.516603e-007
2.788954285714258e-009	3.724749e-007
2.793668571428543e-009	3.914009e-007
2.798382857142828e-009	4.084381e-007
2.803097142857113e-009	4.235867e-007
2.807811428571399e-009	4.368466e-007
2.812525714285684e-009	4.482178e-007
2.817239999999969e-009	4.577003e-007
2.827525714285682e-009	4.713399e-007
2.837811428571396e-009	4.785437e-007
2.848097142857109e-009	4.793117e-007
2.858382857142822e-009	4.736438e-007
2.868668571428535e-009	4.615402e-007
2.878954285714248e-009	4.430007e-007
2.889239999999961e-009	4.180255e-007
2.900382857142817e-009	3.857438e-007
2.911525714285673e-009	3.503974e-007
2.922668571428529e-009	3.119862e-007
2.933811428571385e-009	2.705104e-007
2.944954285714241e-009	2.259698e-007
2.956097142857097e-009	1.783645e-007
2.967239999999953e-009	1.276944e-007
2.976525714285666e-009	8.530315e-008
2.985811428571380e-009	4.311881e-008
2.995097142857093e-009	1.141418e-009
3.004382857142806e-009	-4.062903e-008
3.013668571428519e-009	-8.219253e-008
3.022954285714233e-009	-1.235491e-007
3.032239999999946e-009	-1.646987e-007
3.033239999999946e-009	-1.690142e-007
3.038239999999946e-009	-1.904739e-007
3.043239999999945e-009	-2.115660e-007
3.048239999999944e-009	-2.322905e-007
3.053239999999944e-009	-2.526476e-007
3.058239999999943e-009	-2.726370e-007
3.063239999999943e-009	-2.922590e-007
3.068239999999942e-009	-3.115133e-007
3.078525714285655e-009	-3.498127e-007
3.088811428571369e-009	-3.859103e-007
3.099097142857082e-009	-4.198061e-007
3.109382857142795e-009	-4.515001e-007
3.119668571428508e-009	-4.809924e-007
3.129954285714222e-009	-5.082829e-007
3.140239999999935e-009	-5.333717e-007
3.148382857142791e-009	-5.514138e-007
3.156525714285647e-009	-5.680376e-007
3.164668571428503e-009	-5.832432e-007
3.172811428571360e-009	-5.970304e-007
3.180954285714216e-009	-6.093993e-007
3.189097142857072e-009	-6.203499e-007
3.197239999999929e-009	-6.298823e-007
3.204668571428499e-009	-6.373924e-007
3.212097142857070e-009	-6.439216e-007
3.219525714285640e-009	-6.494699e-007
3.226954285714211e-009	-6.540371e-007
3.234382857142782e-009	-6.576234e-007
3.241811428571352e-009	-6.602288e-007
3.249239999999923e-009	-6.618531e-007
3.265097142857064e-009	-6.616924e-007
3.280954285714205e-009	-6.591392e-007
3.296811428571347e-009	-6.541934e-007
3.312668571428488e-009	-6.468552e-007
3.328525714285629e-009	-6.371244e-007
3.344382857142770e-009	-6.250011e-007
3.360239999999911e-009	-6.104852e-007
3.370811428571339e-009	-6.006969e-007
3.381382857142766e-009	-5.908022e-007
3.391954285714194e-009	-5.808012e-007
3.402525714285621e-009	-5.706939e-007
3.413097142857048e-009	-5.604804e-007
3.423668571428476e-009	-5.501605e-007
3.434239999999903e-009	-5.397344e-007
3.437382857142760e-009	-5.367245e-007
3.440525714285617e-009	-5.337354e-007
3.443668571428474e-009	-5.307671e-007
3.446811428571330e-009	-5.278196e-007
3.449954285714187e-009	-5.248929e-007
3.453097142857044e-009	-5.219870e-007
3.456239999999901e-009	-5.191019e-007
3.463382857142757e-009	-5.126219e-007
3.470525714285613e-009	-5.063231e-007
3.477668571428470e-009	-5.002054e-007
3.484811428571326e-009	-4.942689e-007
3.491954285714183e-009	-4.885135e-007
3.499097142857039e-009	-4.829393e-007
3.506239999999895e-009	-4.775462e-007
3.508811428571324e-009	-4.756665e-007
3.511382857142752e-009	-4.738158e-007
3.513954285714181e-009	-4.719941e-007
3.516525714285609e-009	-4.702015e-007
3.519097142857037e-009	-4.684378e-007
3.521668571428465e-009	-4.667032e-007
3.524239999999894e-009	-4.649976e-007
3.527382857142750e-009	-4.629536e-007
3.530525714285607e-009	-4.609554e-007
3.533668571428464e-009	-4.590030e-007
3.536811428571321e-009	-4.570965e-007
3.539954285714178e-009	-4.552358e-007
3.543097142857034e-009	-4.534209e-007
3.546239999999891e-009	-4.516518e-007
3.553239999999890e-009	-4.478819e-007
3.560239999999890e-009	-4.443414e-007
3.567239999999889e-009	-4.410303e-007
3.574239999999888e-009	-4.379486e-007
3.581239999999887e-009	-4.350962e-007
3.588239999999887e-009	-4.324732e-007
3.595239999999886e-009	-4.300796e-007
3.603668571428456e-009	-4.275087e-007
3.612097142857027e-009	-4.252288e-007
3.620525714285597e-009	-4.232398e-007
3.628954285714168e-009	-4.215417e-007
3.637382857142739e-009	-4.201347e-007
3.645811428571309e-009	-4.190186e-007
3.654239999999880e-009	-4.181935e-007
3.659954285714165e-009	-4.177717e-007
3.665668571428450e-009	-4.174522e-007
3.671382857142735e-009	-4.172349e-007
3.677097142857020e-009	-4.171199e-007
3.682811428571305e-009	-4.171071e-007
3.688525714285590e-009	-4.171965e-007
3.694239999999875e-009	-4.173881e-007
3.699668571428447e-009	-4.176505e-007
3.705097142857018e-009	-4.179792e-007
3.710525714285589e-009	-4.183744e-007
3.715954285714160e-009	-4.188359e-007
3.721382857142731e-009	-4.193637e-007
3.726811428571303e-009	-4.199579e-007
3.732239999999874e-009	-4.206185e-007
3.737382857142732e-009	-4.212922e-007
3.742525714285591e-009	-4.220037e-007
3.747668571428450e-009	-4.227531e-007
3.752811428571309e-009	-4.235404e-007
3.757954285714167e-009	-4.243655e-007
3.763097142857027e-009	-4.252286e-007
3.768239999999885e-009	-4.261295e-007
3.772382857142743e-009	-4.268733e-007
3.776525714285602e-009	-4.276302e-007
3.780668571428460e-009	-4.284000e-007
3.784811428571319e-009	-4.291829e-007
3.788954285714177e-009	-4.299787e-007
3.793097142857036e-009	-4.307875e-007
3.797239999999894e-009	-4.316093e-007
3.801382857142752e-009	-4.324394e-007
3.805525714285611e-009	-4.332739e-007
3.809668571428469e-009	-4.341128e-007
3.813811428571328e-009	-4.349562e-007
3.817954285714186e-009	-4.358040e-007
3.822097142857045e-009	-4.366562e-007
3.826239999999903e-009	-4.375129e-007
3.834668571428476e-009	-4.392669e-007
3.843097142857051e-009	-4.409957e-007
3.851525714285625e-009	-4.426995e-007
3.859954285714199e-009	-4.443781e-007
3.868382857142772e-009	-4.460317e-007
3.876811428571347e-009	-4.476601e-007
3.885239999999921e-009	-4.492634e-007
3.896811428571353e-009	-4.513824e-007
3.908382857142785e-009	-4.533818e-007
3.919954285714217e-009	-4.552616e-007
3.931525714285649e-009	-4.570218e-007
3.943097142857082e-009	-4.586625e-007
3.954668571428513e-009	-4.601835e-007
3.966239999999946e-009	-4.615850e-007
3.972668571428519e-009	-4.622964e-007
3.979097142857093e-009	-4.629665e-007
3.985525714285666e-009	-4.635952e-007
3.991954285714239e-009	-4.641825e-007
3.998382857142812e-009	-4.647284e-007
4.004811428571386e-009	-4.652330e-007
4.011239999999959e-009	-4.656962e-007
4.016097142857104e-009	-4.660192e-007
4.020954285714248e-009	-4.663206e-007
4.025811428571393e-009	-4.666001e-007
4.030668571428537e-009	-4.668580e-007
4.035525714285681e-009	-4.670942e-007
4.040382857142825e-009	-4.673086e-007
4.045239999999970e-009	-4.675013e-007
4.057239999999974e-009	-4.678914e-007
4.062097142857118e-009	-4.680135e-007
4.066954285714262e-009	-4.681179e-007
4.071811428571407e-009	-4.682046e-007
4.076668571428551e-009	-4.682736e-007
4.081525714285695e-009	-4.683249e-007
4.086382857142839e-009	-4.683585e-007
4.091239999999984e-009	-4.683744e-007
4.099811428571415e-009	-4.683577e-007
4.108382857142846e-009	-4.683021e-007
4.116954285714277e-009	-4.682076e-007
4.125525714285709e-009	-4.680741e-007
4.134097142857140e-009	-4.679018e-007
4.142668571428571e-009	-4.676905e-007
4.151240000000002e-009	-4.674403e-007
4.159954285714291e-009	-4.671571e-007
4.168668571428579e-009	-4.668552e-007
4.177382857142867e-009	-4.665347e-007
4.186097142857156e-009	-4.661955e-007
4.194811428571445e-009	-4.658376e-007
4.203525714285733e-009	-4.654611e-007
4.212240000000021e-009	-4.650659e-007
4.241382857142887e-009	-4.635991e-007
4.270525714285753e-009	-4.622480e-007
4.299668571428619e-009	-4.610126e-007
4.328811428571486e-009	-4.598930e-007
4.357954285714351e-009	-4.588890e-007
4.387097142857218e-009	-4.580008e-007
4.416240000000084e-009	-4.572283e-007
4.448811428571522e-009	-4.567492e-007
4.481382857142960e-009	-4.563994e-007
4.513954285714399e-009	-4.561788e-007
4.546525714285838e-009	-4.560875e-007
4.579097142857277e-009	-4.561255e-007
4.611668571428715e-009	-4.562927e-007
4.644240000000154e-009	-4.565892e-007
4.697525714285884e-009	-4.569866e-007
4.750811428571615e-009	-4.572804e-007
4.804097142857346e-009	-4.574704e-007
4.857382857143076e-009	-4.575567e-007
4.910668571428806e-009	-4.575393e-007
4.963954285714537e-009	-4.574182e-007
5.017240000000268e-009	-4.571934e-007
5.021382857143126e-009	-4.571762e-007
5.025525714285985e-009	-4.571588e-007
5.029668571428843e-009	-4.571414e-007
5.033811428571702e-009	-4.571237e-007
5.037954285714560e-009	-4.571059e-007
5.042097142857419e-009	-4.570880e-007
5.046240000000277e-009	-4.570699e-007
5.050240000000278e-009	-4.570517e-007
5.054240000000279e-009	-4.570334e-007
5.058240000000281e-009	-4.570151e-007
5.062240000000282e-009	-4.569968e-007
5.066240000000283e-009	-4.569785e-007
5.070240000000284e-009	-4.569601e-007
5.074240000000285e-009	-4.569417e-007
5.081240000000288e-009	-4.569105e-007
5.083097142857431e-009	-4.569020e-007
5.084954285714574e-009	-4.568935e-007
5.086811428571718e-009	-4.568851e-007
5.088668571428861e-009	-4.568767e-007
5.090525714286005e-009	-4.568684e-007
5.092382857143148e-009	-4.568601e-007
5.094240000000292e-009	-4.568518e-007
5.098668571428864e-009	-4.568322e-007
5.103097142857438e-009	-4.568126e-007
5.107525714286010e-009	-4.567931e-007
5.111954285714583e-009	-4.567736e-007
5.116382857143155e-009	-4.567541e-007
5.120811428571729e-009	-4.567346e-007
5.125240000000301e-009	-4.567152e-007
5.130097142857446e-009	-4.566935e-007
5.134954285714590e-009	-4.566720e-007
5.139811428571734e-009	-4.566508e-007
5.144668571428878e-009	-4.566297e-007
5.149525714286023e-009	-4.566089e-007
5.154382857143167e-009	-4.565883e-007
5.159240000000312e-009	-4.565679e-007
5.164525714286028e-009	-4.565460e-007
5.169811428571744e-009	-4.565243e-007
5.175097142857460e-009	-4.565027e-007
5.180382857143175e-009	-4.564814e-007
5.185668571428891e-009	-4.564602e-007
5.190954285714607e-009	-4.564392e-007
5.196240000000323e-009	-4.564184e-007
5.202097142857468e-009	-4.563958e-007
5.207954285714612e-009	-4.563735e-007
5.213811428571757e-009	-4.563516e-007
5.219668571428901e-009	-4.563301e-007
5.225525714286046e-009	-4.563090e-007
5.231382857143190e-009	-4.562882e-007
5.237240000000335e-009	-4.562679e-007
5.243525714286052e-009	-4.562462e-007
5.249811428571768e-009	-4.562248e-007
5.256097142857484e-009	-4.562038e-007
5.262382857143200e-009	-4.561831e-007
5.268668571428916e-009	-4.561627e-007
5.274954285714633e-009	-4.561427e-007
5.281240000000349e-009	-4.561230e-007
5.285954285714636e-009	-4.561091e-007
5.290668571428923e-009	-4.560952e-007
5.295382857143210e-009	-4.560815e-007
5.300097142857498e-009	-4.560679e-007
5.304811428571785e-009	-4.560544e-007
5.309525714286072e-009	-4.560410e-007
5.314240000000359e-009	-4.560277e-007
5.319382857143217e-009	-4.560134e-007
5.324525714286077e-009	-4.559993e-007
5.329668571428935e-009	-4.559854e-007
5.334811428571794e-009	-4.559717e-007
5.339954285714653e-009	-4.559582e-007
5.345097142857512e-009	-4.559449e-007
5.350240000000370e-009	-4.559318e-007
5.358668571428944e-009	-4.559112e-007
5.367097142857519e-009	-4.558909e-007
5.375525714286092e-009	-4.558710e-007
5.383954285714666e-009	-4.558513e-007
5.392382857143240e-009	-4.558319e-007
5.400811428571814e-009	-4.558129e-007
5.409240000000388e-009	-4.557941e-007
5.415668571428961e-009	-4.557799e-007
5.422097142857535e-009	-4.557658e-007
5.428525714286109e-009	-4.557517e-007
5.434954285714682e-009	-4.557378e-007
5.441382857143255e-009	-4.557240e-007
5.447811428571829e-009	-4.557104e-007
5.454240000000402e-009	-4.556968e-007
5.461525714286119e-009	-4.556823e-007
5.468811428571835e-009	-4.556677e-007
5.476097142857552e-009	-4.556529e-007
5.483382857143268e-009	-4.556381e-007
5.490668571428984e-009	-4.556231e-007
5.497954285714701e-009	-4.556080e-007
5.505240000000418e-009	-4.555928e-007
5.513382857143277e-009	-4.555758e-007
5.521525714286137e-009	-4.555588e-007
5.529668571428996e-009	-4.555417e-007
5.537811428571856e-009	-4.555246e-007
5.545954285714716e-009	-4.555075e-007
5.554097142857576e-009	-4.554903e-007
5.562240000000435e-009	-4.554731e-007
5.571668571429009e-009	-4.554530e-007
5.581097142857584e-009	-4.554327e-007
5.590525714286158e-009	-4.554122e-007
5.599954285714732e-009	-4.553915e-007
5.609382857143306e-009	-4.553706e-007
5.618811428571881e-009	-4.553494e-007
5.628240000000455e-009	-4.553281e-007
5.633668571429028e-009	-4.553158e-007
5.639097142857602e-009	-4.553035e-007
5.644525714286175e-009	-4.552912e-007
5.649954285714748e-009	-4.552789e-007
5.655382857143321e-009	-4.552666e-007
5.660811428571894e-009	-4.552543e-007
5.666240000000467e-009	-4.552419e-007
5.672097142857612e-009	-4.552284e-007
5.677954285714756e-009	-4.552148e-007
5.683811428571901e-009	-4.552013e-007
5.689668571429045e-009	-4.551878e-007
5.695525714286190e-009	-4.551744e-007
5.701382857143335e-009	-4.551610e-007
5.707240000000480e-009	-4.551476e-007
5.713811428571910e-009	-4.551315e-007
5.720382857143340e-009	-4.551154e-007
5.726954285714771e-009	-4.550994e-007
5.733525714286202e-009	-4.550835e-007
5.740097142857633e-009	-4.550676e-007
5.746668571429063e-009	-4.550519e-007
5.753240000000494e-009	-4.550362e-007
5.760525714286210e-009	-4.550187e-007
5.767811428571927e-009	-4.550010e-007
5.775097142857644e-009	-4.549831e-007
5.782382857143359e-009	-4.549649e-007
5.789668571429076e-009	-4.549466e-007
5.796954285714793e-009	-4.549280e-007
5.804240000000509e-009	-4.549092e-007
5.812668571429083e-009	-4.548876e-007
5.821097142857658e-009	-4.548661e-007
5.829525714286232e-009	-4.548445e-007
5.837954285714805e-009	-4.548229e-007
5.846382857143379e-009	-4.548013e-007
5.854811428571954e-009	-4.547796e-007
5.863240000000527e-009	-4.547580e-007
5.872954285714816e-009	-4.547326e-007
5.882668571429105e-009	-4.547073e-007
5.892382857143393e-009	-4.546822e-007
5.902097142857683e-009	-4.546573e-007
5.911811428571971e-009	-4.546326e-007
5.921525714286260e-009	-4.546081e-007
5.931240000000548e-009	-4.545837e-007
5.942811428571981e-009	-4.545541e-007
5.954382857143412e-009	-4.545243e-007
5.965954285714845e-009	-4.544946e-007
5.977525714286277e-009	-4.544648e-007
5.989097142857709e-009	-4.544350e-007
6.000668571429141e-009	-4.544051e-007
6.012240000000573e-009	-4.543752e-007
6.025382857143434e-009	-4.543416e-007
6.038525714286296e-009	-4.543081e-007
6.051668571429156e-009	-4.542748e-007
6.064811428572018e-009	-4.542417e-007
6.077954285714879e-009	-4.542087e-007
6.091097142857741e-009	-4.541759e-007
6.104240000000601e-009	-4.541432e-007
6.105240000000602e-009	-4.541406e-007
6.125525714286322e-009	-4.540892e-007
6.145811428572043e-009	-4.540380e-007
6.166097142857764e-009	-4.539869e-007
6.186382857143483e-009	-4.539360e-007
6.206668571429204e-009	-4.538853e-007
6.226954285714925e-009	-4.538348e-007
6.247240000000645e-009	-4.537844e-007
6.264382857143507e-009	-4.537434e-007
6.281525714286370e-009	-4.537015e-007
6.298668571429232e-009	-4.536587e-007
6.315811428572095e-009	-4.536149e-007
6.332954285714957e-009	-4.535702e-007
6.350097142857820e-009	-4.535245e-007
6.367240000000682e-009	-4.534780e-007
6.409811428572124e-009	-4.533639e-007
6.452382857143565e-009	-4.532523e-007
6.494954285715007e-009	-4.531434e-007
6.537525714286449e-009	-4.530370e-007
6.580097142857891e-009	-4.529332e-007
6.622668571429332e-009	-4.528319e-007
6.665240000000773e-009	-4.527332e-007
6.857240000000832e-009	-4.522729e-007
7.129240000000916e-009	-4.515974e-007
8.007240000000725e-009	-4.494307e-007
8.153240000000649e-009	-4.490741e-007
8.478240000000480e-009	-4.482734e-007
9.177240000000116e-009	-4.465463e-007
1.017823999999960e-008	-4.441148e-007
1.020123999999958e-008	-4.440587e-007
1.065523999999935e-008	-4.429583e-007
1.122523999999905e-008	-4.415795e-007
1.132823999999900e-008	-4.413310e-007
1.224923999999852e-008	-4.390995e-007
1.238223999999845e-008	-4.387876e-007
1.285923999999820e-008	-4.376402e-007
1.327323999999799e-008	-4.366510e-007
1.357123999999783e-008	-4.359424e-007
1.429723999999745e-008	-4.342142e-007
1.456923999999731e-008	-4.335664e-007
1.509623999999736e-008	-4.323144e-007
1.532123999999761e-008	-4.317787e-007
1.634523999999878e-008	-4.293665e-007
1.682123999999931e-008	-4.282508e-007
1.733323999999990e-008	-4.270190e-007
1.736923999999994e-008	-4.269333e-007
1.753624000000013e-008	-4.265566e-007
1.839324000000110e-008	-4.245758e-007
1.909924000000190e-008	-4.229417e-007
1.941724000000226e-008	-4.222002e-007
1.953424000000239e-008	-4.219329e-007
1.966366857143111e-008	-4.216257e-007
1.979309714285983e-008	-4.213214e-007
1.992252571428854e-008	-4.210200e-007
2.005195428571726e-008	-4.207215e-007
2.018138285714598e-008	-4.204259e-007
2.031081142857470e-008	-4.201332e-007
2.044024000000342e-008	-4.198434e-007
2.044124000000342e-008	-4.198411e-007
2.141224000000452e-008	-4.176140e-007
2.146524000000458e-008	-4.174926e-007
2.191824000000509e-008	-4.164594e-007
2.248924000000574e-008	-4.151323e-007
2.311624000000645e-008	-4.137362e-007
2.351324000000690e-008	-4.128327e-007
2.374924000000717e-008	-4.123019e-007
2.426524000000776e-008	-4.111378e-007
2.453724000000806e-008	-4.105286e-007
2.493424000000851e-008	-4.096288e-007
2.556124000000923e-008	-4.082327e-007
2.612124000000986e-008	-4.069795e-007
2.658524000001039e-008	-4.059490e-007
2.673138285715341e-008	-4.056281e-007
2.687752571429643e-008	-4.053046e-007
2.702366857143945e-008	-4.049787e-007
2.716981142858248e-008	-4.046503e-007
2.731595428572550e-008	-4.043194e-007
2.746209714286852e-008	-4.039860e-007
2.760824000001155e-008	-4.036501e-007
2.760924000001155e-008	-4.036477e-007
2.823824000001226e-008	-4.022847e-007
2.852324000001258e-008	-4.016583e-007
2.863324000001271e-008	-4.014180e-007
2.904924000001318e-008	-4.005046e-007
2.965724000001387e-008	-3.991775e-007
2.993024000001418e-008	-3.985575e-007
3.068124000001503e-008	-3.969413e-007
3.095624000001534e-008	-3.963413e-007
3.149024000001595e-008	-3.951847e-007
3.170524000001619e-008	-3.947230e-007
3.272924000001735e-008	-3.925110e-007
3.302224000001768e-008	-3.918821e-007
3.342424000001814e-008	-3.910211e-007
3.375324000001851e-008	-3.903206e-007
3.396324000001875e-008	-3.898703e-007
3.461324000001949e-008	-3.884864e-007
3.477724000001967e-008	-3.881125e-007
3.580124000002083e-008	-3.859648e-007
3.592224000002097e-008	-3.857108e-007
3.647224000002159e-008	-3.845530e-007
3.682524000002199e-008	-3.838110e-007
3.753524000002280e-008	-3.823143e-007
3.784924000002316e-008	-3.816612e-007
3.845724000002385e-008	-3.803951e-007
3.887324000002432e-008	-3.795259e-007
3.901824000002448e-008	-3.792272e-007
3.914366857145320e-008	-3.789601e-007
3.926909714288191e-008	-3.786952e-007
3.939452571431062e-008	-3.784327e-007
3.951995428573934e-008	-3.781725e-007
3.964538285716805e-008	-3.779146e-007
3.977081142859676e-008	-3.776590e-007
3.989624000002548e-008	-3.774057e-007
3.989724000002548e-008	-3.774039e-007
4.092124000002664e-008	-3.752923e-007
4.103124000002676e-008	-3.750671e-007
4.159524000002740e-008	-3.739152e-007
4.182824000002767e-008	-3.734076e-007
4.194524000002780e-008	-3.731661e-007
4.296924000002896e-008	-3.711101e-007
4.327024000002930e-008	-3.704978e-007
4.364024000002972e-008	-3.697499e-007
4.399324000003012e-008	-3.690369e-007
4.425024000003041e-008	-3.684872e-007
4.501724000003128e-008	-3.669670e-007
4.593724000003233e-008	-3.651298e-007
4.604124000003244e-008	-3.649210e-007
4.628624000003272e-008	-3.644322e-007
4.690824000003343e-008	-3.631950e-007
4.706524000003361e-008	-3.628795e-007
4.732524000003390e-008	-3.623569e-007
4.808924000003477e-008	-3.608489e-007
4.902024000003582e-008	-3.590135e-007
4.911324000003593e-008	-3.588330e-007
4.960424000003648e-008	-3.578671e-007
4.989224000003681e-008	-3.573024e-007
4.999924000003693e-008	-3.570914e-007
5.000000000000000e-008	-3.570876e-007
