0.000000E+00 0
4.999999E-14 -7.95753E-09
1.500000E-13 -5.40395E-08
2.339828E-13 -1.3517E-07
3.178200E-13 -2.61533E-07
4.171325E-13 -4.75385E-07
5.282469E-13 -8.01758E-07
6.484032E-13 -1.26067E-06
7.515190E-13 -1.74045E-06
8.515448E-13 -2.27673E-06
9.257724E-13 -2.71634E-06
9.628862E-13 -2.94865E-06
1.000000E-12 -3.18874E-06
1.050000E-12 -3.52251E-06
1.100000E-12 -3.85739E-06
1.182289E-12 -4.40649E-06
1.261580E-12 -4.92897E-06
1.352015E-12 -5.5134E-06
1.485748E-12 -6.34986E-06
1.612694E-12 -7.11144E-06
1.714034E-12 -7.69923E-06
1.811819E-12 -8.25521E-06
1.911826E-12 -8.82086E-06
2.000000E-12 -9.32363E-06
2.088871E-12 -9.84515E-06
2.210306E-12 -1.05741E-05
2.326605E-12 -1.12947E-05
2.559204E-12 -1.28086E-05
2.754169E-12 -1.41516E-05
2.964018E-12 -1.56697E-05
3.253100E-12 -1.7878E-05
3.720374E-12 -2.17207E-05
4.000000E-12 -2.41764E-05
4.462689E-12 -2.86051E-05
5.388066E-12 -3.80143E-05
6.336051E-12 -4.8388E-05
7.000000E-12 -5.60209E-05
8.000000E-12 -6.79973E-05
9.000000E-12 -7.99537E-05
9.976424E-12 -9.13896E-05
1.144259E-11 -0.000107949
1.377106E-11 -0.000131098
1.696397E-11 -0.000152464
2.061207E-11 -0.000155701
2.428874E-11 -0.000129354
2.780875E-11 -7.04744E-05
3.250609E-11 6.86817E-05
4.190077E-11 0.000593479
4.300000E-11 0.000676921
4.400000E-11 0.000759295
4.500000E-11 0.000846035
4.590223E-11 0.000927925
4.600000E-11 0.000936838
4.619555E-11 0.000954842
4.658664E-11 0.000991257
4.736882E-11 0.001066059
4.828387E-11 0.001157031
4.939803E-11 0.001272922
5.088421E-11 0.001436392
5.332823E-11 0.00172766
5.801782E-11 0.002366663
6.100000E-11 0.002828733
6.200000E-11 0.00299597
6.381002E-11 0.003315241
6.558082E-11 0.00363826
6.746233E-11 0.003997143
7.100000E-11 0.004720302
7.200000E-11 0.004938889
7.300000E-11 0.005162694
7.400000E-11 0.005391774
7.489072E-11 0.005600001
7.500000E-11 0.005625604
7.521856E-11 0.005677075
7.565567E-11 0.005780626
7.600000E-11 0.005862856
7.668866E-11 0.006030412
7.747794E-11 0.006224604
7.800000E-11 0.006354633
7.904411E-11 0.006621799
7.926457E-11 0.00667844
7.967033E-11 0.006783302
8.002366E-11 0.00687534
8.014548E-11 0.006907236
8.029495E-11 0.006946493
8.057426E-11 0.007020228
8.102874E-11 0.007141258
8.110604E-11 0.007161976
8.126064E-11 0.007203537
8.152196E-11 0.007274175
8.180628E-11 0.007351588
8.208191E-11 0.007427193
8.232102E-11 0.00749321
8.255534E-11 0.007558285
8.286717E-11 0.007645474
8.303562E-11 0.007692852
8.312180E-11 0.007717164
8.320798E-11 0.007741523
8.338034E-11 0.007790378
8.357746E-11 0.007846475
8.388962E-11 0.007935802
8.411326E-11 0.008000178
8.434510E-11 0.008067251
8.466811E-11 0.008161276
8.531411E-11 0.008351343
8.609940E-11 0.008585966
8.697729E-11 0.008852817
8.819845E-11 0.009231762
9.064075E-11 0.010015305
9.300000E-11 0.010802821
9.400000E-11 0.011147877
9.600000E-11 0.011856425
9.700000E-11 0.012214048
9.800000E-11 0.012577111
1.000000E-10 0.013319573
1.015050E-10 0.013884538
1.040000E-10 0.014838307
1.060000E-10 0.015625164
1.081041E-10 0.016467341
1.099326E-10 0.017206304
1.110000E-10 0.017641644
1.120000E-10 0.018053746
1.133558E-10 0.018617624
1.146406E-10 0.019155047
1.166976E-10 0.020023833
1.190000E-10 0.021008705
1.200000E-10 0.021441698
1.210000E-10 0.021877007
1.222920E-10 0.022443148
1.234345E-10 0.022945668
1.240000E-10 0.023195251
1.250000E-10 0.023639208
1.260000E-10 0.024085182
1.269857E-10 0.02452669
1.281684E-10 0.025058225
1.290000E-10 0.025433374
1.300000E-10 0.02588705
1.313272E-10 0.02649233
1.326765E-10 0.027109828
1.340000E-10 0.027718225
1.350000E-10 0.028180587
1.360000E-10 0.028644575
1.370000E-10 0.029110135
1.381482E-10 0.029646715
1.395547E-10 0.030305915
1.423676E-10 0.031632448
1.440000E-10 0.032407235
1.450000E-10 0.032884337
1.460000E-10 0.033362751
1.470000E-10 0.033842427
1.480000E-10 0.034323357
1.490000E-10 0.034805503
1.500000E-10 0.03528885
1.510000E-10 0.035773366
1.525258E-10 0.036515353
1.539777E-10 0.037222954
1.550000E-10 0.037722404
1.560000E-10 0.038212534
1.570000E-10 0.038703725
1.580000E-10 0.039195953
1.590000E-10 0.039689205
1.600000E-10 0.040183454
1.610000E-10 0.040678691
1.625485E-10 0.041447859
1.630000E-10 0.041672263
1.639030E-10 0.042121921
1.655967E-10 0.042966917
1.670000E-10 0.043668831
1.680000E-10 0.044170482
1.698417E-10 0.045097289
1.710000E-10 0.045680939
1.720000E-10 0.046185934
1.730000E-10 0.046691737
1.746827E-10 0.047545069
1.763604E-10 0.048397265
1.770000E-10 0.048722629
1.782793E-10 0.049374908
1.787521E-10 0.049616109
1.792249E-10 0.04985749
1.797656E-10 0.050133859
1.801934E-10 0.050352751
1.807475E-10 0.050636614
1.810332E-10 0.050783121
1.813038E-10 0.050921971
1.815185E-10 0.051032199
1.818918E-10 0.051223955
1.823313E-10 0.051449959
1.828179E-10 0.051700398
1.834802E-10 0.052041637
1.843294E-10 0.05247986
1.852310E-10 0.052945908
1.863534E-10 0.053527181
1.879387E-10 0.054350029
1.896364E-10 0.055233285
1.930319E-10 0.057004795
1.974374E-10 0.059309798
1.980000E-10 0.059604638
1.991252E-10 0.060194554
2.000000E-10 0.060653161
2.010000E-10 0.061177472
2.020000E-10 0.06170173
2.031509E-10 0.062305009
2.044082E-10 0.06296389
2.059537E-10 0.063773505
2.060000E-10 0.06379774
2.060925E-10 0.063846209
2.062776E-10 0.063943142
2.066478E-10 0.064136986
2.070000E-10 0.064321355
2.077043E-10 0.064689947
2.087266E-10 0.065224775
2.090000E-10 0.065367738
2.095467E-10 0.065653554
2.100000E-10 0.065890474
2.109066E-10 0.066363991
2.120000E-10 0.066934793
2.130000E-10 0.067456259
2.150000E-10 0.068497313
2.170000E-10 0.069536964
2.180000E-10 0.070055903
2.198691E-10 0.071023842
2.200000E-10 0.071091593
2.202617E-10 0.071227063
2.207852E-10 0.071497896
2.210000E-10 0.071608997
2.214296E-10 0.071831063
2.222889E-10 0.072274906
2.240000E-10 0.073157355
2.250000E-10 0.073671845
2.260000E-10 0.074185624
2.274859E-10 0.07494739
2.280000E-10 0.075210813
2.290283E-10 0.075736786
2.308635E-10 0.076673867
2.320000E-10 0.077252968
2.330000E-10 0.077761298
2.345444E-10 0.078544385
2.350000E-10 0.078775234
2.359112E-10 0.079236168
2.360000E-10 0.079281096
2.361777E-10 0.079370929
2.365330E-10 0.079550527
2.372436E-10 0.079909408
2.386650E-10 0.080625856
2.407957E-10 0.081696542
2.410000E-10 0.081798998
2.414086E-10 0.082003723
2.420000E-10 0.082299789
2.430000E-10 0.082799327
2.440000E-10 0.083297925
2.450000E-10 0.083795582
2.468512E-10 0.084713579
2.470000E-10 0.084787325
2.472975E-10 0.084934736
2.478926E-10 0.085229349
2.480000E-10 0.085282484
2.482148E-10 0.0853887
2.486443E-10 0.085601023
2.495034E-10 0.086025145
2.500000E-10 0.086269968
2.509931E-10 0.086758415
2.520000E-10 0.087252922
2.530000E-10 0.087742734
2.540000E-10 0.088231539
2.559684E-10 0.089187014
2.560000E-10 0.089202274
2.560632E-10 0.089232845
2.561895E-10 0.089294042
2.564421E-10 0.089416399
2.569474E-10 0.089660862
2.570000E-10 0.089686274
2.571051E-10 0.089737095
2.573153E-10 0.089838719
2.577358E-10 0.090041835
2.585767E-10 0.090447552
2.590000E-10 0.090651507
2.598465E-10 0.091058545
2.610000E-10 0.091612366
2.620000E-10 0.092091103
2.630000E-10 0.09256886
2.650000E-10 0.093520383
2.680000E-10 0.094938682
2.690000E-10 0.095410478
2.710000E-10 0.096350014
2.730000E-10 0.097285507
2.740000E-10 0.097752257
2.760000E-10 0.098681657
2.790000E-10 0.100066561
2.820000E-10 0.101442265
2.830000E-10 0.101899844
2.850000E-10 0.102810854
2.870000E-10 0.103717768
2.880000E-10 0.10417021
2.890000E-10 0.104621623
2.900000E-10 0.105072005
2.910000E-10 0.105521358
2.930000E-10 0.106415914
2.940000E-10 0.106862181
2.950000E-10 0.107307416
2.970000E-10 0.10819374
2.980000E-10 0.108635889
2.990000E-10 0.109077009
3.000000E-10 0.109517099
3.010000E-10 0.109956159
3.020000E-10 0.110394191
3.040000E-10 0.111266124
3.050000E-10 0.111701078
3.060000E-10 0.112135007
3.070000E-10 0.112567907
3.088037E-10 0.113345362
3.100000E-10 0.113860015
3.120000E-10 0.114715561
3.130000E-10 0.115142331
3.140000E-10 0.115568077
3.150000E-10 0.115992804
3.170000E-10 0.116838165
3.180000E-10 0.117259844
3.200000E-10 0.11809912
3.220000E-10 0.118934357
3.230000E-10 0.119350975
3.240000E-10 0.119766583
3.250000E-10 0.120181181
3.260000E-10 0.120594772
3.270000E-10 0.121007354
3.280000E-10 0.121418931
3.290000E-10 0.121829501
3.310000E-10 0.12264662
3.320000E-10 0.123054446
3.330000E-10 0.123461013
3.340000E-10 0.123866582
3.350000E-10 0.124271154
3.370000E-10 0.12507631
3.380000E-10 0.125477905
3.400000E-10 0.126277124
3.410000E-10 0.126675754
3.420000E-10 0.127073395
3.440000E-10 0.127864725
3.450000E-10 0.128259417
3.470000E-10 0.129044863
3.480000E-10 0.129436618
3.500000E-10 0.130216208
3.529902E-10 0.131373088
3.550000E-10 0.132147916
3.560000E-10 0.132531905
3.570000E-10 0.132914928
3.580000E-10 0.133296985
3.590000E-10 0.133678079
3.610000E-10 0.134436418
3.640000E-10 0.135565341
3.650000E-10 0.135940707
3.660000E-10 0.136315118
3.680000E-10 0.137060134
3.690000E-10 0.1374317
3.700000E-10 0.137802317
3.710000E-10 0.13817199
3.730000E-10 0.138907559
3.740000E-10 0.139274409
3.750000E-10 0.139640317
3.770000E-10 0.140368388
3.780000E-10 0.140731494
3.790000E-10 0.141093666
3.800000E-10 0.141454905
3.820000E-10 0.142173668
3.830000E-10 0.142532362
3.850000E-10 0.143245576
3.860000E-10 0.143601267
3.880000E-10 0.144308965
3.890000E-10 0.144661901
3.900000E-10 0.145013919
3.920000E-10 0.145714303
3.930000E-10 0.146063586
3.940000E-10 0.146411958
3.960000E-10 0.147105069
3.970000E-10 0.147450723
3.980000E-10 0.147795471
4.000000E-10 0.148481365
4.010000E-10 0.148823415
4.020000E-10 0.149164566
4.040000E-10 0.149843286
4.050000E-10 0.150181979
4.070000E-10 0.150855351
4.090000E-10 0.151526359
4.100000E-10 0.151860381
4.110000E-10 0.152193519
4.120000E-10 0.152525772
4.130000E-10 0.152857144
4.150000E-10 0.153516372
4.170000E-10 0.154172105
4.180000E-10 0.154499099
4.190000E-10 0.154825219
4.200000E-10 0.155150467
4.210000E-10 0.155474845
4.220000E-10 0.155798354
4.230000E-10 0.156120994
4.240000E-10 0.156442768
4.250000E-10 0.156763679
4.260000E-10 0.157083726
4.280000E-10 0.157720384
4.300000E-10 0.158353619
4.310000E-10 0.158669384
4.320000E-10 0.158984292
4.340000E-10 0.159610707
4.360000E-10 0.160234859
4.370000E-10 0.160545519
4.390000E-10 0.161163467
4.400000E-10 0.161471599
4.410000E-10 0.161778889
4.430000E-10 0.162390119
4.450000E-10 0.162998013
4.470000E-10 0.16360258
4.510000E-10 0.164798551
4.530000E-10 0.165394065
4.550000E-10 0.165985463
4.560000E-10 0.166280343
4.570000E-10 0.166574401
4.590000E-10 0.167159255
4.600000E-10 0.167450866
4.610000E-10 0.167741663
4.630000E-10 0.168320015
4.640000E-10 0.168608381
4.650000E-10 0.168895938
4.670000E-10 0.169467834
4.690000E-10 0.170036522
4.710000E-10 0.170602016
4.720000E-10 0.170883963
4.740000E-10 0.171444677
4.780000E-10 0.172553526
4.810000E-10 0.17337811
4.820000E-10 0.173652186
4.840000E-10 0.174197205
4.860000E-10 0.174740139
4.870000E-10 0.175010302
4.880000E-10 0.175279687
4.890000E-10 0.175548295
4.900000E-10 0.175816127
4.920000E-10 0.176348705
4.930000E-10 0.176614223
4.950000E-10 0.177142189
4.960000E-10 0.177405595
4.970000E-10 0.177668043
4.980000E-10 0.177929725
4.990000E-10 0.178190643
5.010000E-10 0.178709442
5.050000E-10 0.179735047
5.080000E-10 0.180497515
5.090000E-10 0.180750921
5.100000E-10 0.181003575
5.110000E-10 0.181255481
5.130000E-10 0.181756318
5.150000E-10 0.182255168
5.190000E-10 0.183239175
5.200000E-10 0.183484563
5.220000E-10 0.183972161
5.240000E-10 0.184457803
5.260000E-10 0.184939561
5.270000E-10 0.185179712
5.280000E-10 0.185419137
5.300000E-10 0.185895101
5.310000E-10 0.186132361
5.320000E-10 0.186368899
5.330000E-10 0.186604719
5.340000E-10 0.186839819
5.350000E-10 0.187074204
5.360000E-10 0.187307872
5.370000E-10 0.187540827
5.390000E-10 0.1880039
5.410000E-10 0.188465077
5.420000E-10 0.188694486
5.430000E-10 0.188923188
5.450000E-10 0.189377789
5.460000E-10 0.189604387
5.470000E-10 0.189830285
5.480000E-10 0.190055483
5.490000E-10 0.190279984
5.510000E-10 0.190726212
5.530000E-10 0.191169679
5.540000E-10 0.191390721
5.550000E-10 0.191611073
5.560000E-10 0.191830737
5.580000E-10 0.192267329
5.590000E-10 0.192484941
5.600000E-10 0.192701869
5.610000E-10 0.192918115
5.620000E-10 0.193133681
5.630000E-10 0.193348567
5.640000E-10 0.193562775
5.660000E-10 0.1939885
5.690000E-10 0.194621087
5.720000E-10 0.195247701
5.740000E-10 0.195662793
5.750000E-10 0.195869674
5.760000E-10 0.196075893
5.780000E-10 0.1964857
5.800000E-10 0.196892889
5.810000E-10 0.197095827
5.820000E-10 0.197298111
5.830000E-10 0.197499742
5.840000E-10 0.197700722
5.860000E-10 0.198100095
5.870000E-10 0.198299295
5.880000E-10 0.198497687
5.890000E-10 0.198695434
5.910000E-10 0.199088371
5.930000E-10 0.199478761
5.950000E-10 0.199866615
5.960000E-10 0.200059906
5.970000E-10 0.200252563
5.990000E-10 0.200635363
6.020000E-10 0.201203962
6.030000E-10 0.201392868
6.050000E-10 0.201768199
6.060000E-10 0.201955242
6.080000E-10 0.202326862
6.090000E-10 0.202512208
6.100000E-10 0.202696784
6.110000E-10 0.202880745
6.130000E-10 0.20324623
6.150000E-10 0.203609288
6.170000E-10 0.20396993
6.180000E-10 0.204149646
6.190000E-10 0.204328759
6.200000E-10 0.204507271
6.220000E-10 0.204861907
6.240000E-10 0.205214947
6.250000E-10 0.205390474
6.260000E-10 0.205565408
6.280000E-10 0.205912926
6.300000E-10 0.206258871
6.320000E-10 0.206601702
6.330000E-10 0.206772534
6.340000E-10 0.206942785
6.360000E-10 0.20728098
6.370000E-10 0.2074495
6.380000E-10 0.207617444
6.390000E-10 0.207784813
6.400000E-10 0.20795161
6.410000E-10 0.208117835
6.420000E-10 0.20828349
6.430000E-10 0.208448576
6.450000E-10 0.208776495
6.460000E-10 0.20894003
6.480000E-10 0.209264578
6.490000E-10 0.209426292
6.500000E-10 0.209587447
6.510000E-10 0.209748045
6.530000E-10 0.210067033
6.540000E-10 0.21022611
6.550000E-10 0.210384498
6.560000E-10 0.210542335
6.580000E-10 0.210855831
6.590000E-10 0.211012032
6.600000E-10 0.211167689
6.610000E-10 0.211322804
6.620000E-10 0.211477378
6.630000E-10 0.211631411
6.650000E-10 0.211937339
6.660000E-10 0.212089899
6.680000E-10 0.21239263
6.720000E-10 0.212989749
6.740000E-10 0.213286212
6.750000E-10 0.21343392
6.760000E-10 0.213581106
6.770000E-10 0.213727772
6.780000E-10 0.213873919
6.790000E-10 0.214019549
6.810000E-10 0.214308759
6.820000E-10 0.214452851
6.840000E-10 0.214739001
6.850000E-10 0.214881693
6.870000E-10 0.215164809
6.890000E-10 0.21544592
6.910000E-10 0.215725038
6.920000E-10 0.215864098
6.930000E-10 0.216002661
6.940000E-10 0.216140728
6.960000E-10 0.2164149
6.970000E-10 0.216551616
6.980000E-10 0.216687718
6.990000E-10 0.216823334
7.010000E-10 0.21709263
7.030000E-10 0.217360003
7.040000E-10 0.217493207
7.050000E-10 0.217625932
7.070000E-10 0.217889482
7.080000E-10 0.218020898
7.090000E-10 0.218151723
7.100000E-10 0.218282074
7.120000E-10 0.218540907
7.140000E-10 0.218797879
7.150000E-10 0.218925899
7.170000E-10 0.219180096
7.180000E-10 0.219306733
7.190000E-10 0.219432911
7.200000E-10 0.21955863
7.210000E-10 0.219683891
7.230000E-10 0.219932609
7.260000E-10 0.220301662
7.290000E-10 0.220666729
7.310000E-10 0.220908337
7.320000E-10 0.221028699
7.330000E-10 0.22114862
7.340000E-10 0.221268102
7.350000E-10 0.221387146
7.370000E-10 0.221623504
7.380000E-10 0.221741249
7.390000E-10 0.221858561
7.400000E-10 0.221975444
7.420000E-10 0.222207504
7.430000E-10 0.222323107
7.450000E-10 0.222552626
7.480000E-10 0.222893155
7.490000E-10 0.223006244
7.510000E-10 0.223230767
7.530000E-10 0.223453644
7.540000E-10 0.22356467
7.560000E-10 0.223785092
7.570000E-10 0.223894896
7.580000E-10 0.224004292
7.600000E-10 0.22422148
7.610000E-10 0.22432967
7.630000E-10 0.22454446
7.640000E-10 0.224651456
7.650000E-10 0.224758056
7.670000E-10 0.224969684
7.680000E-10 0.225075202
7.700000E-10 0.225284488
7.710000E-10 0.225388741
7.720000E-10 0.225492606
7.740000E-10 0.225698803
7.750000E-10 0.225801518
7.760000E-10 0.22590385
7.770000E-10 0.226005801
7.780000E-10 0.226107373
7.790000E-10 0.226208566
7.810000E-10 0.226409456
7.850000E-10 0.226805362
7.870000E-10 0.22700184
7.880000E-10 0.227099711
7.900000E-10 0.227293999
7.930000E-10 0.227582204
7.940000E-10 0.227677911
7.950000E-10 0.227773259
7.970000E-10 0.227962536
7.980000E-10 0.22805682
8.000000E-10 0.228243981
8.010000E-10 0.22833721
8.020000E-10 0.228430089
8.030000E-10 0.22852262
8.040000E-10 0.228614803
8.050000E-10 0.228706639
8.060000E-10 0.228798131
8.080000E-10 0.228979751
8.090000E-10 0.229070218
8.100000E-10 0.229160346
8.120000E-10 0.229339256
8.130000E-10 0.229428374
8.140000E-10 0.229517156
8.150000E-10 0.229605605
8.170000E-10 0.229781179
8.180000E-10 0.229868635
8.190000E-10 0.229955761
8.200000E-10 0.23004256
8.210000E-10 0.230129031
8.230000E-10 0.230300681
8.240000E-10 0.23038618
8.260000E-10 0.230555901
8.270000E-10 0.23064044
8.280000E-10 0.23072466
8.290000E-10 0.230808562
8.300000E-10 0.230892147
8.320000E-10 0.231058065
8.330000E-10 0.23114071
8.350000E-10 0.231304759
8.360000E-10 0.231386472
8.370000E-10 0.231467877
8.380000E-10 0.231548974
8.400000E-10 0.231709949
8.420000E-10 0.231869714
8.430000E-10 0.231949293
8.440000E-10 0.232028571
8.450000E-10 0.232107548
8.470000E-10 0.232264316
8.480000E-10 0.232342402
8.490000E-10 0.232420192
8.500000E-10 0.232497686
8.520000E-10 0.23265151
8.530000E-10 0.232728128
8.540000E-10 0.232804457
8.550000E-10 0.232880495
8.560000E-10 0.232956246
8.580000E-10 0.233106603
8.600000E-10 0.233255827
8.620000E-10 0.233403922
8.630000E-10 0.233477688
8.640000E-10 0.233551172
8.650000E-10 0.233624378
8.660000E-10 0.233697305
8.670000E-10 0.233769955
8.680000E-10 0.233842329
8.690000E-10 0.233914427
8.710000E-10 0.234057534
8.730000E-10 0.234199559
8.740000E-10 0.234270299
8.760000E-10 0.234410711
8.780000E-10 0.234550058
8.790000E-10 0.234619465
8.800000E-10 0.234688607
8.820000E-10 0.234825844
8.830000E-10 0.234894199
8.840000E-10 0.234962294
8.850000E-10 0.235030129
8.860000E-10 0.235097705
8.870000E-10 0.235165023
8.880000E-10 0.235232083
8.890000E-10 0.235298888
8.910000E-10 0.235431485
8.920000E-10 0.235497528
8.930000E-10 0.23556332
8.940000E-10 0.23562886
8.960000E-10 0.235758945
9.000000E-10 0.236015204
9.010000E-10 0.236079021
9.020000E-10 0.236142593
9.040000E-10 0.236268771
9.050000E-10 0.236331617
9.060000E-10 0.236394222
9.070000E-10 0.236456587
9.090000E-10 0.236580367
9.100000E-10 0.236642077
9.110000E-10 0.236703492
9.120000E-10 0.236764671
9.130000E-10 0.236825615
9.140000E-10 0.236886326
9.150000E-10 0.236946803
9.160000E-10 0.237007048
9.170000E-10 0.237067062
9.190000E-10 0.237186174
9.210000E-10 0.237304675
9.230000E-10 0.237421969
9.250000E-10 0.237538365
9.270000E-10 0.23765387
9.280000E-10 0.2377114
9.300000E-10 0.237825579
9.310000E-10 0.237882447
9.320000E-10 0.237939097
9.330000E-10 0.237995528
9.350000E-10 0.238107527
9.360000E-10 0.238163363
9.380000E-10 0.238274074
9.390000E-10 0.238329215
9.410000E-10 0.238438653
9.420000E-10 0.23849316
9.430000E-10 0.238547456
9.440000E-10 0.238601543
9.460000E-10 0.238708886
9.470000E-10 0.238762349
9.480000E-10 0.238815606
9.490000E-10 0.238868657
9.500000E-10 0.238921503
9.510000E-10 0.238974144
9.530000E-10 0.239078618
9.550000E-10 0.239182288
9.560000E-10 0.239233921
9.570000E-10 0.239285354
9.580000E-10 0.239336588
9.590000E-10 0.239387624
9.600000E-10 0.239438461
9.610000E-10 0.239489102
9.620000E-10 0.239539546
9.640000E-10 0.239639657
9.650000E-10 0.239689519
9.660000E-10 0.239739186
9.670000E-10 0.239788661
9.680000E-10 0.239837944
9.700000E-10 0.23993575
9.710000E-10 0.239984462
9.720000E-10 0.240032985
9.730000E-10 0.24008132
9.740000E-10 0.240129466
9.760000E-10 0.240225015
9.780000E-10 0.240319825
9.790000E-10 0.240367045
9.810000E-10 0.240460755
9.850000E-10 0.240645303
9.860000E-10 0.240691258
9.880000E-10 0.240782455
9.890000E-10 0.240827875
9.900000E-10 0.240873118
9.910000E-10 0.240918184
9.920000E-10 0.240963073
9.930000E-10 0.241007788
9.940000E-10 0.241052327
9.950000E-10 0.241096693
9.960000E-10 0.241140885
9.970000E-10 0.241184905
9.980000E-10 0.241228752
9.990000E-10 0.241272428
1.000000E-09 0.241315933
1.002000E-09 0.241402266
1.006000E-09 0.241573312
1.014000E-09 0.241907778
1.030000E-09 0.242546351
1.062000E-09 0.243710052
1.126000E-09 0.245644318
1.238616E-09 0.248058918
1.337109E-09 0.249384211
1.419672E-09 0.250077571
1.493742E-09 0.250460252
1.562087E-09 0.250661712
1.630217E-09 0.250751645
1.705918E-09 0.250752285
1.818066E-09 0.250614559
1.867493E-09 0.250510394
1.919968E-09 0.250378151
1.964667E-09 0.250251493
2.000532E-09 0.250142249
2.037132E-09 0.250025012
2.085276E-09 0.24986336
2.137021E-09 0.249681302
2.177601E-09 0.249533025
2.219018E-09 0.249377196
2.268036E-09 0.249187532
2.312885E-09 0.249009442
2.347773E-09 0.248867913
2.374399E-09 0.248758057
2.397146E-09 0.248662744
2.421620E-09 0.248556702
2.431177E-09 0.248512978
2.441684E-09 0.248462039
2.450469E-09 0.248416868
2.458149E-09 0.248375929
2.466835E-09 0.248328168
2.476990E-09 0.248270923
2.487050E-09 0.248213149
2.498497E-09 0.248145793
2.503747E-09 0.248114196
2.508894E-09 0.248082909
2.513888E-09 0.248052423
2.517894E-09 0.248028002
2.521724E-09 0.248004793
2.525677E-09 0.247981159
2.529675E-09 0.247957895
2.533993E-09 0.247934086
2.538035E-09 0.247913765
2.541630E-09 0.247897589
2.545014E-09 0.247883728
2.548255E-09 0.247871076
2.550881E-09 0.247860848
2.552984E-09 0.247852538
2.554938E-09 0.247844716
2.556958E-09 0.247836585
2.558725E-09 0.247829475
2.560406E-09 0.247822732
2.562268E-09 0.247815297
2.564394E-09 0.247806843
2.566851E-09 0.247797106
2.569648E-09 0.247786046
2.572450E-09 0.247774978
2.575341E-09 0.247763555
2.578435E-09 0.247751326
2.581692E-09 0.247738446
2.585230E-09 0.247724444
2.589240E-09 0.247708555
2.593425E-09 0.247691952
2.597247E-09 0.24767676
2.601063E-09 0.247661564
2.605636E-09 0.247643304
2.609992E-09 0.247625858
2.614603E-09 0.247607329
2.618924E-09 0.247589903
2.623194E-09 0.247572631
2.627666E-09 0.247554473
2.632523E-09 0.247534678
2.637988E-09 0.24751231
2.644327E-09 0.247486238
2.651895E-09 0.247454936
2.661233E-09 0.247416055
2.673251E-09 0.247365622
2.689655E-09 0.247296149
2.711790E-09 0.247201427
2.735590E-09 0.247098524
2.761794E-09 0.24698417
2.792062E-09 0.246850877
2.828184E-09 0.246690266
2.873254E-09 0.246487646
2.932715E-09 0.246216695
3.016819E-09 0.245826603
3.120562E-09 0.245334965
3.215374E-09 0.24487638
3.310326E-09 0.244409359
3.414175E-09 0.243891174
3.539583E-09 0.243257275
3.690034E-09 0.242487529
3.827943E-09 0.241774134
3.947451E-09 0.241149859
4.062246E-09 0.240544311
4.181050E-09 0.239910654
4.321804E-09 0.239149642
4.478936E-09 0.238286407
4.606926E-09 0.237572994
4.732153E-09 0.236866932
4.875366E-09 0.236051142
5.057007E-09 0.235005831
5.231463E-09 0.23399242
5.382300E-09 0.2331103
5.534745E-09 0.232214784
5.720285E-09 0.231120402
5.947663E-09 0.229768725
6.122076E-09 0.22871798
6.301079E-09 0.227620581
6.553031E-09 0.226036703
6.797466E-09 0.22445422
7.009553E-09 0.223045901
7.258978E-09 0.2213524
7.586990E-09 0.219072939
7.855123E-09 0.217170071
8.166755E-09 0.214917566
8.594988E-09 0.211751796
8.961860E-09 0.208973519
9.448464E-09 0.205193832
9.996811E-09 0.200807203
1.065100E-08 0.195402914
1.130575E-08 0.189816511
1.193021E-08 0.184334647
1.264310E-08 0.17790943
1.362809E-08 0.168774347
1.525826E-08 0.153101794
1.666781E-08 0.139103688
1.776478E-08 0.127990922
1.910592E-08 0.114207107
2.035646E-08 0.101221942
2.156975E-08 0.088577521
2.279668E-08 0.075850275
2.423895E-08 0.06120458
2.506286E-08 0.053113486
2.590834E-08 0.045159141
2.669349E-08 0.038205822
2.748910E-08 0.031686751
2.852434E-08 0.024099995
2.966857E-08 0.016909255
3.086389E-08 0.010654619
3.206951E-08 0.005508837
3.339945E-08 0.000986345
3.418413E-08 -0.001186141
3.470699E-08 -0.002456169
3.506183E-08 -0.003245856
3.542553E-08 -0.00400066
3.569186E-08 -0.00452019
3.588209E-08 -0.004874532
3.604910E-08 -0.005174292
3.622813E-08 -0.005484214
3.644239E-08 -0.005840075
3.666377E-08 -0.006191096
3.687147E-08 -0.00650572
3.694731E-08 -0.006617292
3.702460E-08 -0.00672953
3.709890E-08 -0.006835302
3.713280E-08 -0.006882079
3.716926E-08 -0.006930005
3.719919E-08 -0.006966454
3.722415E-08 -0.006994301
3.724955E-08 -0.007019815
3.727756E-08 -0.007044298
3.731212E-08 -0.007069151
3.734145E-08 -0.007085897
3.735553E-08 -0.007092627
3.736828E-08 -0.007098074
3.737862E-08 -0.007102091
3.738971E-08 -0.007106064
3.739850E-08 -0.00710901
3.740594E-08 -0.007111379
3.741327E-08 -0.007113623
3.742094E-08 -0.007115902
3.742938E-08 -0.007118368
3.743929E-08 -0.007121275
3.744405E-08 -0.007122713
3.744982E-08 -0.007124527
3.745439E-08 -0.007126058
3.745804E-08 -0.007127374
3.746155E-08 -0.007128737
3.746496E-08 -0.007130169
3.746844E-08 -0.007131759
3.747198E-08 -0.007133512
3.747499E-08 -0.007135107
3.747779E-08 -0.007136673
3.748073E-08 -0.007138408
3.748412E-08 -0.007140534
3.748739E-08 -0.007142724
3.749046E-08 -0.007144915
3.749331E-08 -0.007147057
3.749569E-08 -0.007148948
3.749803E-08 -0.007150897
3.750032E-08 -0.0071529
3.750226E-08 -0.007154661
3.750423E-08 -0.007156532
3.750649E-08 -0.00715878
3.750908E-08 -0.00716148
3.751222E-08 -0.007164953
3.751542E-08 -0.007168709
3.751864E-08 -0.007172709
3.752201E-08 -0.007177129
3.752561E-08 -0.007182103
3.752938E-08 -0.00718758
3.753353E-08 -0.007193896
3.753827E-08 -0.007201441
3.754387E-08 -0.00721076
3.755075E-08 -0.007222693
3.755954E-08 -0.007238558
3.757140E-08 -0.007260683
3.758878E-08 -0.007293754
3.761220E-08 -0.007338434
3.764157E-08 -0.007393463
3.768097E-08 -0.00746482
3.774028E-08 -0.007567468
3.781581E-08 -0.0076917
3.790160E-08 -0.007825797
3.800190E-08 -0.007974709
3.812018E-08 -0.008140947
3.825717E-08 -0.008322563
3.841175E-08 -0.00851541
3.858167E-08 -0.008714699
3.876538E-08 -0.008917481
3.895650E-08 -0.009116634
3.915096E-08 -0.009308688
3.935236E-08 -0.00949757
3.959478E-08 -0.009712153
3.984814E-08 -0.00992184
4.010539E-08 -0.010120027
4.035953E-08 -0.010302473
4.064232E-08 -0.01049218
4.097277E-08 -0.010699244
4.134401E-08 -0.010916215
4.171016E-08 -0.011116079
4.219376E-08 -0.011360904
4.272118E-08 -0.011604385
4.325742E-08 -0.011827434
4.383378E-08 -0.012040345
4.447009E-08 -0.012244587
4.520067E-08 -0.01244221
4.606467E-08 -0.012630421
4.709670E-08 -0.012799291
4.833013E-08 -0.012934248
4.979923E-08 -0.013018387
5.153462E-08 -0.013034839
5.356259E-08 -0.012970292
5.591816E-08 -0.012816739
5.865725E-08 -0.012570069
6.186827E-08 -0.012227466
6.569075E-08 -0.01178438
7.034094E-08 -0.011231881
7.617250E-08 -0.010552118
8.380564E-08 -0.009710651
9.321634E-08 -0.008758785
1.044336E-07 -0.007741323
1.145967E-07 -0.00691863
1.256642E-07 -0.00611695
1.385186E-07 -0.00529371
1.530009E-07 -0.004487421
1.692219E-07 -0.003716248
1.866724E-07 -0.003020227
2.052469E-07 -0.002408751
2.250770E-07 -0.001879987
2.462947E-07 -0.001432558
2.690986E-07 -0.001064153
2.937793E-07 -0.000772101
3.207180E-07 -0.000554096
3.504344E-07 -0.000407996
3.836782E-07 -0.00033158
4.215950E-07 -0.000322347
4.660931E-07 -0.000377099
5.208356E-07 -0.000490961
5.936066E-07 -0.000651568
6.786601E-07 -0.000786804
7.744232E-07 -0.000830146
8.744232E-07 -0.000750393
9.372116E-07 -0.000644138
1.000000E-06 -0.000507205